1101,Sword,ƒ\[ƒh,4,100,0,500,25,0,0,0,1,3,0,0,0,0,0,0,6371,2,2,1,2,2,0,0,0,0,0,0,0,0,0,0,0,0
1102,Sword_,ƒ\[ƒh,4,100,0,500,25,0,0,0,1,4,0,0,0,0,0,0,6371,2,2,1,2,2,0,0,0,0,0,0,0,0,0,0,0,0
1103,Sword__,ƒ\[ƒh,4,100,0,500,25,0,0,0,1,0,0,0,0,0,0,0,6371,2,2,1,2,2,0,0,0,0,0,0,0,0,0,0,0,0
1104,Falchion,ƒtƒ@ƒ‹ƒVƒIƒ“,4,1500,0,600,39,0,0,0,1,3,0,0,0,0,0,0,6371,2,2,1,2,2,0,0,0,0,0,0,0,0,0,0,0,0
1105,Falchion_,ƒtƒ@ƒ‹ƒVƒIƒ“,4,1500,0,600,39,0,0,0,1,4,0,0,0,0,0,0,6371,2,2,1,2,2,0,0,0,0,0,0,0,0,0,0,0,0
1106,Falchion__,ƒtƒ@ƒ‹ƒVƒIƒ“,4,1500,0,600,39,0,0,0,1,0,0,0,0,0,0,0,6371,2,2,1,2,2,0,0,0,0,0,0,0,0,0,0,0,0
1107,Blade,ƒuƒŒƒCƒh,4,2900,0,700,53,0,0,0,1,3,0,0,0,0,0,0,6371,2,2,1,2,2,0,0,0,0,0,0,0,0,0,0,0,0
1108,Blade_,ƒuƒŒƒCƒh,4,2900,0,700,53,0,0,0,1,4,0,0,0,0,0,0,6371,2,2,1,2,2,0,0,0,0,0,0,0,0,0,0,0,0
1109,Blade__,ƒuƒŒƒCƒh,4,2900,0,700,53,0,0,0,1,0,0,0,0,0,0,0,6371,2,2,1,2,2,0,0,0,0,0,0,0,0,0,0,0,0
1110,Lapier,ƒŒƒCƒsƒA,4,10000,0,500,70,0,0,0,1,2,0,0,0,0,0,0,6371,2,2,2,14,2,0,0,0,0,0,0,0,0,0,0,0,0
1111,Lapier_,ƒŒƒCƒsƒA,4,10000,0,500,70,0,0,0,1,3,0,0,0,0,0,0,6371,2,2,2,14,2,0,0,0,0,0,0,0,0,0,0,0,0
1112,Lapier__,ƒŒƒCƒsƒA,4,10000,0,500,70,0,0,0,1,0,0,0,0,0,0,0,6371,2,2,2,14,2,0,0,0,0,0,0,0,0,0,0,0,0
1113,Scimiter,ƒVƒ~ƒ^[,4,17000,0,700,85,0,0,0,1,2,0,0,0,0,0,0,6371,2,2,2,14,2,0,0,0,0,0,0,0,0,0,0,0,0
1114,Scimiter_,ƒVƒ~ƒ^[,4,17000,0,700,85,0,0,0,1,3,0,0,0,0,0,0,6371,2,2,2,14,2,0,0,0,0,0,0,0,0,0,0,0,0
1115,Scimiter__,ƒVƒ~ƒ^[,4,17000,0,700,85,0,0,0,1,3,0,0,0,0,0,0,6371,2,2,2,14,2,0,0,0,0,0,0,0,0,0,0,0,0
1116,Katana,ƒJƒ^ƒi,4,2000,0,1000,60,0,0,0,1,3,0,0,0,0,0,0,130,2,2,1,4,3,0,0,0,0,0,0,0,0,0,0,0,0
1117,Katana_,ƒJƒ^ƒi,4,2000,0,1000,60,0,0,0,1,4,0,0,0,0,0,0,130,2,2,1,4,3,0,0,0,0,0,0,0,0,0,0,0,0
1118,Katana__,ƒJƒ^ƒi,4,2000,0,1000,60,0,0,0,1,0,0,0,0,0,0,0,130,2,2,1,4,3,0,0,0,0,0,0,0,0,0,0,0,0
1119,Tsurugi,ƒcƒ‹ƒM,4,51000,0,1200,130,0,0,0,1,1,0,0,0,0,0,0,6371,2,2,3,27,2,0,0,0,0,0,0,0,0,0,0,0,0
1120,Tsurugi_,ƒcƒ‹ƒM,4,51000,0,1200,130,0,0,0,1,2,0,0,0,0,0,0,6371,2,2,3,27,2,0,0,0,0,0,0,0,0,0,0,0,0
1121,Tsurugi__,ƒcƒ‹ƒM,4,51000,0,1200,130,0,0,0,1,0,0,0,0,0,0,0,6371,2,2,3,27,2,0,0,0,0,0,0,0,0,0,0,0,0
1122,Ring_pommel_Saber,ŠÂ“ª‘¾“,4,24000,0,900,100,0,0,0,1,2,0,0,0,0,0,0,6371,2,2,2,14,2,0,0,0,0,0,0,0,0,0,0,0,0
1123,Haedonggum,ŠC“ŒŒ•,4,50000,0,900,120,0,0,0,1,1,0,0,0,3,0,0,6371,2,2,3,27,2,0,0,0,0,0,0,0,0,0,0,0,0
1124,Orcish_sword,ƒI[ƒLƒbƒVƒ…ƒ\[ƒh,4,20,0,800,90,0,0,0,1,0,0,0,0,0,0,0,6371,2,2,4,40,2,0,0,0,0,0,0,0,0,0,0,0,0
1125,Ring_pommel_Saber_,ŠÂ“ª‘¾“,4,24000,0,900,100,0,0,0,1,3,0,0,0,0,0,0,6371,2,2,2,14,2,0,0,0,0,0,0,0,0,0,0,0,0
1126,Saber,ƒT[ƒxƒ‹,4,49000,0,1000,115,0,0,0,1,2,0,0,0,0,0,0,6371,2,2,3,27,2,0,0,0,0,0,0,0,0,0,0,0,0
1127,Saber_,ƒT[ƒxƒ‹,4,49000,0,1000,115,0,0,0,1,3,0,0,0,0,0,0,6371,2,2,3,27,2,0,0,0,0,0,0,0,0,0,0,0,0
1128,Hae_Dong_Gum_,ŠC“ŒŒ•,4,50000,0,900,120,0,0,0,1,2,0,0,0,3,0,0,6371,2,2,3,27,2,0,0,0,0,0,0,0,0,0,0,0,0
1129,Flamberge,ƒtƒ‰ƒ“ƒxƒ‹ƒWƒF,4,60000,0,1500,150,0,0,0,1,0,0,0,0,0,0,0,6371,2,2,3,27,2,0,0,0,0,0,0,0,0,0,0,0,0
1130,Nagan,ƒlƒCƒKƒ“,4,20,0,500,120,0,0,0,1,0,0,0,0,0,0,0,6371,2,2,4,40,2,0,0,0,0,0,0,0,0,0,0,0,0
1131,Ice_Falchon,ƒAƒCƒXƒtƒ@ƒ‹ƒVƒIƒ“,4,20,0,600,100,0,0,0,1,0,0,0,0,0,0,0,6371,2,2,4,40,2,1,0,0,0,0,0,0,0,0,0,0,0
1132,Edge,ƒGƒbƒW,4,20,0,700,115,0,0,0,1,0,0,0,0,0,0,0,6371,2,2,4,40,2,0,0,0,0,0,0,0,0,0,0,0,0
1133,Fire_brand,ƒtƒ@ƒCƒA[ƒuƒ‰ƒ“ƒh,4,20,0,500,100,0,0,0,1,0,0,0,0,0,0,0,6371,2,2,4,40,2,3,0,0,0,0,0,0,0,0,0,0,0
1134,Scissores_Sword,ƒV[ƒU[ƒYƒ\[ƒh,4,20,0,700,140,0,0,0,1,0,0,0,0,0,0,0,6371,2,2,4,40,2,0,0,0,0,0,0,0,0,0,0,0,0
1135,Cutlas,ƒJƒgƒ‰ƒX,4,20,0,900,150,0,0,0,1,0,0,0,0,0,0,0,6371,2,2,4,40,2,0,0,0,0,0,0,0,0,0,0,0,0
1136,Solar_Sword,‘¾—zŒ•,4,20,0,1200,70,0,0,0,1,0,0,0,0,0,0,0,6371,2,2,4,40,2,3,0,0,0,0,0,0,0,0,0,0,0
1137,Excalibur,ƒGƒNƒXƒLƒƒƒŠƒo[,4,20,0,1200,150,0,0,0,1,0,0,0,0,5,0,0,6371,2,2,4,40,2,6,0,0,0,0,0,0,0,0,0,0,0
1138,Mysteltainn,ƒ~ƒXƒe[ƒ‹ƒeƒCƒ“,4,20,0,1000,160,0,0,0,1,0,0,0,0,0,0,0,6371,2,2,4,40,2,7,0,0,0,0,0,0,0,0,0,0,0
1139,Tale_Fing,ƒeƒCƒ‹ƒsƒ“ƒO,4,20,0,1000,185,0,0,0,1,0,0,0,0,0,0,0,6371,2,2,4,40,2,7,0,0,0,0,0,0,0,0,0,0,0
1140,Byeorrun_Gum,•Ê‰_™˜,4,20,0,900,150,0,0,0,1,0,0,0,0,0,0,0,6371,2,2,4,40,2,0,0,0,0,0,0,0,0,0,0,0,0
1141,Immaterial_Sword,–³Œ`Œ•,4,20,0,900,140,0,0,0,1,0,0,0,0,0,0,0,6371,2,2,4,40,2,8,0,0,0,0,0,0,0,0,0,0,0
1151,Slayer,ƒXƒŒƒCƒ„[,4,15000,0,1300,90,0,0,0,1,2,0,0,0,0,0,0,130,2,2,2,18,3,0,0,0,0,0,0,0,0,0,0,0,0
1152,Slayer_,ƒXƒŒƒCƒ„[,4,15000,0,1300,90,0,0,0,1,3,0,0,0,0,0,0,130,2,2,2,18,3,0,0,0,0,0,0,0,0,0,0,0,0
1153,Slayer__,ƒXƒŒƒCƒ„[,4,15000,0,1300,90,0,0,0,1,0,0,0,0,0,0,0,130,2,2,2,18,3,0,0,0,0,0,0,0,0,0,0,0,0
1154,Bastard_Sword,ƒoƒXƒ^[ƒhƒ\[ƒh,4,22500,0,1600,115,0,0,0,1,2,0,0,0,0,0,0,130,2,2,2,18,3,0,0,0,0,0,0,0,0,0,0,0,0
1155,Bastard_Sword_,ƒoƒXƒ^[ƒhƒ\[ƒh,4,22500,0,1600,115,0,0,0,1,3,0,0,0,0,0,0,130,2,2,2,18,3,0,0,0,0,0,0,0,0,0,0,0,0
1156,Bastard_Sword__,ƒoƒXƒ^[ƒhƒ\[ƒh,4,22500,0,1600,115,0,0,0,1,0,0,0,0,0,0,0,130,2,2,2,18,3,0,0,0,0,0,0,0,0,0,0,0,0
1157,Two_hand_Sword,ƒc[ƒnƒ“ƒhƒ\[ƒh,4,60000,0,2200,160,0,0,0,1,1,0,0,0,0,0,0,130,2,2,3,33,3,0,0,0,0,0,0,0,0,0,0,0,0
1158,Two_hand_Sword_,ƒc[ƒnƒ“ƒhƒ\[ƒh,4,60000,0,2200,160,0,0,0,1,2,0,0,0,0,0,0,130,2,2,3,33,3,0,0,0,0,0,0,0,0,0,0,0,0
1159,Two_hand_Sword__,ƒc[ƒnƒ“ƒhƒ\[ƒh,4,60000,0,2200,160,0,0,0,1,0,0,0,0,0,0,0,130,2,2,3,33,3,0,0,0,0,0,0,0,0,0,0,0,0
1160,Broad_Sword,ƒuƒ[ƒhƒ\[ƒh,4,65000,0,2000,140,0,5,0,1,1,0,0,0,0,0,0,130,2,2,3,33,3,0,0,0,0,0,0,0,0,0,0,0,0
1161,Balmung,ƒoƒ‹ƒ€ƒ“,4,20,0,1000,300,0,0,0,2,0,0,0,0,0,0,0,8191,2,2,4,1,1,0,0,0,0,0,0,0,0,0,0,0,0
1162,Broad_Sword_,ƒuƒ[ƒhƒ\[ƒh,4,65000,0,2000,140,0,5,0,1,2,0,0,0,0,0,0,130,2,2,3,33,3,0,0,0,0,0,0,0,0,0,0,0,0
1163,Claymore,ƒNƒŒƒCƒ‚ƒA,4,74000,0,2500,180,0,0,0,1,0,0,0,0,0,0,0,128,2,2,3,33,3,0,0,0,0,0,0,0,0,0,0,0,0
1164,Muramasa,‘º³,4,20,0,1000,170,0,0,0,1,0,0,0,0,0,0,0,130,2,2,4,48,3,0,0,0,0,0,0,0,0,0,0,0,0
1165,Masamune,³@,4,20,0,1000,200,0,0,0,1,0,0,0,0,0,0,0,130,2,2,4,48,3,0,0,0,0,0,0,0,0,0,0,0,0
1166,Dragon_Slayer,ƒhƒ‰ƒSƒ“ƒXƒŒƒCƒ„[,4,20,0,1300,150,0,0,0,1,0,0,0,0,0,0,0,130,2,2,4,48,3,0,0,0,0,0,0,0,0,0,0,0,0
1167,Schweizersabel,ƒVƒ…ƒoƒCƒ`ƒFƒ‹ƒVƒƒƒxƒ‹,4,20,0,1600,160,0,0,0,1,0,0,0,0,0,0,0,130,2,2,4,48,3,4,0,0,0,0,0,0,0,0,0,0,0
1168,Zweihander,ƒcƒ”ƒ@ƒCƒnƒ“ƒ_[,4,20,0,2200,190,0,0,0,1,0,0,0,0,0,0,0,130,2,2,4,48,3,0,0,0,0,0,0,0,0,0,0,0,0
1169,Executioner,ƒGƒNƒZƒLƒ…[ƒVƒ‡ƒi,4,20,0,2200,155,0,0,0,1,0,0,0,0,0,0,0,130,2,2,4,48,3,7,0,0,0,0,0,0,0,0,0,0,0
1170,Katzbalger,ƒJƒbƒcƒoƒ‹ƒQƒ‹,4,20,0,2000,175,0,10,0,1,0,0,0,5,0,0,0,130,2,2,4,48,3,0,0,0,0,0,0,0,0,0,0,0,0
1201,Knife,ƒiƒCƒt,4,50,0,400,17,0,0,0,1,3,0,0,0,0,0,0,7151,2,2,1,1,1,0,0,0,0,0,0,0,0,0,0,0,0
1202,Knife_,ƒiƒCƒt,4,50,0,400,17,0,0,0,1,4,0,0,0,0,0,0,7151,2,2,1,1,1,0,0,0,0,0,0,0,0,0,0,0,0
1203,Knife__,ƒiƒCƒt,4,50,0,400,17,0,0,0,1,0,0,0,0,0,0,0,7151,2,2,1,1,1,0,0,0,0,0,0,0,0,0,0,0,0
1204,Cutter,ƒJƒbƒ^[,4,1250,0,500,30,0,0,0,1,3,0,0,0,0,0,0,7151,2,2,1,1,1,0,0,0,0,0,0,0,0,0,0,0,0
1205,Cutter_,ƒJƒbƒ^[,4,1250,0,500,30,0,0,0,1,4,0,0,0,0,0,0,7151,2,2,1,1,1,0,0,0,0,0,0,0,0,0,0,0,0
1206,Cutter__,ƒJƒbƒ^[,4,1250,0,500,30,0,0,0,1,0,0,0,0,0,0,0,7151,2,2,1,1,1,0,0,0,0,0,0,0,0,0,0,0,0
1207,Main_gauche,ƒ}ƒCƒ“ƒS[ƒVƒ…,4,2400,0,600,43,0,0,0,1,3,0,0,0,0,0,0,7151,2,2,1,1,1,0,0,0,0,0,0,0,0,0,0,0,0
1208,Main_gauche_,ƒ}ƒCƒ“ƒS[ƒVƒ…,4,2400,0,600,43,0,0,0,1,4,0,0,0,0,0,0,7151,2,2,1,1,1,0,0,0,0,0,0,0,0,0,0,0,0
1209,Main_gauche__,ƒ}ƒCƒ“ƒS[ƒVƒ…,4,2400,0,600,43,0,0,0,1,0,0,0,0,0,0,0,7151,2,2,1,1,1,0,0,0,0,0,0,0,0,0,0,0,0
1210,Dirk,ƒ_[ƒN,4,8500,0,500,59,0,0,0,1,2,0,0,0,0,0,0,7151,2,2,2,12,1,0,0,0,0,0,0,0,0,0,0,0,0
1211,Dirk_,ƒ_[ƒN,4,8500,0,500,59,0,0,0,1,3,0,0,0,0,0,0,7151,2,2,2,12,1,0,0,0,0,0,0,0,0,0,0,0,0
1212,Dirk__,ƒ_[ƒN,4,8500,0,500,59,0,0,0,1,0,0,0,0,0,0,0,7151,2,2,2,12,1,0,0,0,0,0,0,0,0,0,0,0,0
1213,Dagger,ƒ_ƒK[,4,14000,0,600,73,0,0,0,1,2,0,0,0,0,0,0,7151,2,2,2,12,1,0,0,0,0,0,0,0,0,0,0,0,0
1214,Dagger_,ƒ_ƒK[,4,14000,0,600,73,0,0,0,1,3,0,0,0,0,0,0,7151,2,2,2,12,1,0,0,0,0,0,0,0,0,0,0,0,0
1215,Dagger__,ƒ_ƒK[,4,14000,0,600,73,0,0,0,1,0,0,0,0,0,0,0,7151,2,2,2,12,1,0,0,0,0,0,0,0,0,0,0,0,0
1216,Stiletto,ƒXƒ`[ƒ‹ƒŒ[ƒg,4,19500,0,700,87,0,0,0,1,2,0,0,0,0,0,0,7151,2,2,2,12,1,0,0,0,0,0,0,0,0,0,0,0,0
1217,Stiletto_,ƒXƒ`[ƒ‹ƒŒ[ƒg,4,19500,0,700,87,0,0,0,1,3,0,0,0,0,0,0,7151,2,2,2,12,1,0,0,0,0,0,0,0,0,0,0,0,0
1218,Stiletto__,ƒXƒ`[ƒ‹ƒŒ[ƒg,4,19500,0,700,87,0,0,0,1,0,0,0,0,0,0,0,7151,2,2,2,12,1,0,0,0,0,0,0,0,0,0,0,0,0
1219,Gladius,ƒOƒ‰ƒfƒBƒEƒX,4,43000,0,700,105,0,0,0,1,2,0,0,0,0,0,0,7151,2,2,3,24,1,0,0,0,0,0,0,0,0,0,0,0,0
1220,Gladius_,ƒOƒ‰ƒfƒBƒEƒX,4,43000,0,700,105,0,0,0,1,3,0,0,0,0,0,0,7151,2,2,3,24,1,0,0,0,0,0,0,0,0,0,0,0,0
1221,Gladius__,ƒOƒ‰ƒfƒBƒEƒX,4,43000,0,700,105,0,0,0,1,0,0,0,0,0,0,0,7151,2,2,3,24,1,0,0,0,0,0,0,0,0,0,0,0,0
1222,Damascus,ƒ_ƒ}ƒXƒJƒX,4,49000,0,800,118,0,0,0,1,1,0,0,0,0,0,0,7151,2,2,3,24,1,0,0,0,0,0,0,0,0,0,0,0,0
1223,Forturn_Sword,ƒtƒH[ƒ`ƒ…ƒ“ƒ\[ƒh,4,20,0,500,90,0,0,0,1,0,0,0,0,0,0,5,7151,2,2,4,36,1,0,0,0,0,0,0,0,0,0,0,0,0
1224,Sword_Breaker,ƒ\[ƒhƒuƒŒƒCƒJ,4,20,0,1000,40,0,0,0,1,0,0,0,0,0,0,0,7151,2,2,4,36,1,0,0,0,0,0,0,0,0,0,0,0,0
1225,Mail_Breaker,ƒƒCƒ‹ƒuƒŒƒCƒJ[,4,20,0,1000,40,0,0,0,1,0,0,0,0,0,0,0,7151,2,2,4,36,1,0,0,0,0,0,0,0,0,0,0,0,0
1226,Damascus_,ƒ_ƒ}ƒXƒJƒX,4,49000,0,800,118,0,0,0,1,2,0,0,0,0,0,0,7151,2,2,3,24,1,0,0,0,0,0,0,0,0,0,0,0,0
1227,Weeder_Knife,ƒEƒB-ƒ_[ƒiƒCƒt,4,20,0,400,80,0,0,0,1,0,0,0,0,0,0,0,7151,2,2,4,36,1,0,0,0,0,0,0,0,0,0,0,0,0
1228,Combat_Knife,ƒRƒ“ƒoƒbƒgƒiƒCƒt,4,20,0,400,80,0,0,0,1,0,0,0,0,0,0,0,7151,2,2,4,36,1,0,0,0,0,0,0,0,0,0,0,0,0
1229,Mama's_Knife,•ï’š,4,20,0,500,75,0,0,0,1,0,0,0,0,0,0,0,7151,2,2,4,36,1,0,0,0,0,0,0,0,0,0,0,0,0
1230,House_Auger,,4,20,0,600,80,0,0,0,1,0,0,0,0,0,0,0,7151,2,2,4,36,1,0,0,0,0,0,0,0,0,0,0,0,0
1231,Bazerald,ƒoƒ[ƒ‰ƒ‹ƒh,4,20,0,500,70,0,0,0,1,0,0,0,0,0,0,0,7151,2,2,4,36,1,3,0,0,0,0,0,0,0,0,0,0,0
1232,Assasin_Dagger,ƒAƒTƒVƒ“ƒ_ƒK[,4,20,0,600,125,0,0,0,1,0,0,0,0,0,0,0,7151,2,2,4,36,1,7,0,0,0,0,0,0,0,0,0,0,0
1233,Exercise,ƒGƒLƒT[ƒTƒCƒY,4,20,0,700,90,0,0,0,1,0,0,0,0,0,0,0,7151,2,2,4,36,1,0,0,0,0,0,0,0,0,0,0,0,0
1234,Moonlight_Sword,ŒŒõŒ•,4,20,0,700,50,0,0,0,1,0,0,0,0,0,0,0,7151,2,2,4,36,1,0,0,0,0,0,0,0,0,0,0,0,0
1235,Azoth,ƒAƒ][ƒg,4,20,0,700,110,0,0,0,1,0,0,0,0,0,0,0,7151,2,2,4,36,1,0,0,0,0,0,0,0,0,0,0,0,0
1236,Sucsamad,ƒXƒNƒTƒ}ƒbƒh,4,20,0,800,140,0,0,0,1,0,0,0,0,0,0,0,7151,2,2,4,36,1,0,0,0,0,0,0,0,0,0,0,0,0
1237,Grimtooth,ƒI[ƒKƒgƒD[ƒX,4,20,0,800,150,0,0,0,1,0,0,0,0,0,0,0,7151,2,2,4,36,1,0,0,0,0,0,0,0,0,0,0,0,0
1250,Jur,ƒWƒ…ƒ‹,4,19500,0,800,125,0,0,0,1,2,0,0,0,0,0,0,4096,2,2,2,18,16,0,0,0,0,0,0,0,0,0,0,0,0
1251,Jur_,ƒWƒ…ƒ‹,4,19500,0,800,125,0,0,0,1,3,0,0,0,0,0,0,4096,2,2,2,18,16,0,0,0,0,0,0,0,0,0,0,0,0
1252,Katar,ƒJƒ^[ƒ‹,4,41000,0,1200,148,0,0,0,1,1,0,0,0,0,1,0,4096,2,2,3,33,16,0,0,0,0,0,0,0,0,0,0,0,0
1253,Katar_,ƒJƒ^[ƒ‹,4,41000,0,1200,148,0,0,0,1,2,0,0,0,0,1,0,4096,2,2,3,33,16,0,0,0,0,0,0,0,0,0,0,0,0
1254,Jamadhar,ƒWƒƒƒ}ƒnƒ_ƒ‹,4,37200,0,1500,165,0,0,0,1,0,0,0,0,0,0,0,4096,2,2,3,33,16,0,0,0,0,0,0,0,0,0,0,0,0
1255,Jamadhar_,ƒWƒƒƒ}ƒnƒ_ƒ‹,4,37200,0,1500,165,0,0,0,1,1,0,0,0,0,0,0,4096,2,2,3,33,16,0,0,0,0,0,0,0,0,0,0,0,0
1256,,—â‚½‚¢•X’Œ‚ÌƒJƒ^[ƒ‹,4,,0,1200,105,0,0,0,1,0,0,0,0,0,0,0,4096,2,2,3,55,16,1,0,0,0,0,0,0,0,0,0,0,0
1257,,ë‚Á‚Ä‚é‚¢‚Î‚ç‚ÌƒJƒ^[ƒ‹,4,,0,1200,105,0,0,0,1,0,0,0,0,0,0,0,4096,2,2,3,55,16,2,0,0,0,0,0,0,0,0,0,0,0
1258,,”š‰Š‚ÌƒJƒ^[ƒ‹,4,,0,1200,105,0,0,0,1,0,0,0,0,0,0,0,4096,2,2,3,55,16,3,0,0,0,0,0,0,0,0,0,0,0
1259,,Š™ƒCƒ^ƒ`,4,,0,1200,105,0,0,0,1,0,0,0,0,0,0,0,4096,2,2,3,55,16,4,0,0,0,0,0,0,0,0,0,0,0
1260,,ƒfƒXƒiƒCƒt,4,,0,1700,150,0,0,0,1,0,0,0,0,0,0,0,4096,2,2,3,65,16,9,0,0,0,0,0,0,0,0,0,0,0
1261,,— Ø‚èÒ,4,,0,1500,100,0,0,0,1,0,0,0,0,0,0,0,4096,2,2,4,75,16,0,0,0,0,0,0,0,0,0,0,0,0
1301,Axe,ƒAƒbƒNƒX,4,500,0,1200,35,0,0,0,1,3,0,0,0,0,0,0,6371,2,2,1,3,6,0,0,0,0,0,0,0,0,0,0,0,0
1302,Axe_,ƒAƒbƒNƒX,4,500,0,1200,35,0,0,0,1,4,0,0,0,0,0,0,6371,2,2,1,3,6,0,0,0,0,0,0,0,0,0,0,0,0
1303,Axe__,ƒAƒbƒNƒX,4,500,0,1200,35,0,0,0,1,0,0,0,0,0,0,0,6371,2,2,1,3,6,0,0,0,0,0,0,0,0,0,0,0,0
1304,Orcish_Axe,ƒI[ƒLƒbƒVƒ…ƒAƒbƒNƒX,4,20,0,2000,60,0,0,0,1,0,0,0,0,0,0,0,6371,2,2,4,3,6,0,0,0,0,0,0,0,0,0,0,0,0
1305,Cleaver,ƒNƒŠ[ƒ”ƒ@[,4,20,0,120,140,0,0,0,1,0,0,0,0,0,0,0,6371,2,2,4,44,6,0,0,0,0,0,0,0,0,0,0,0,0
1351,Battle_Axe,ƒoƒgƒ‹ƒAƒbƒNƒX,4,5400,0,1800,75,0,0,0,1,3,0,0,0,0,0,0,2210,2,2,1,3,7,0,0,0,0,0,0,0,0,0,0,0,0
1352,Battle_Axe_,ƒoƒgƒ‹ƒAƒbƒNƒX,4,5400,0,1800,75,0,0,0,1,4,0,0,0,0,0,0,2210,2,2,1,3,7,0,0,0,0,0,0,0,0,0,0,0,0
1353,Battle_Axe__,ƒoƒgƒ‹ƒAƒbƒNƒX,4,5400,0,1800,75,0,0,0,1,0,0,0,0,0,0,0,2210,2,2,1,3,7,0,0,0,0,0,0,0,0,0,0,0,0
1354,Hammer,ƒnƒ“ƒ}[,4,15500,0,2300,110,0,0,0,1,2,0,0,0,0,0,0,2210,2,2,2,16,7,0,0,0,0,0,0,0,0,0,0,0,0
1355,Hammer_,ƒnƒ“ƒ}[,4,15500,0,2300,110,0,0,0,1,3,0,0,0,0,0,0,2210,2,2,2,16,7,0,0,0,0,0,0,0,0,0,0,0,0
1356,Hammer__,ƒnƒ“ƒ}[,4,15500,0,2300,110,0,0,0,1,0,0,0,0,0,0,0,2210,2,2,2,16,7,0,0,0,0,0,0,0,0,0,0,0,0
1357,Buster,ƒoƒXƒ^[,4,34000,0,2500,140,0,0,0,1,1,0,0,0,0,0,0,2210,2,2,3,30,7,0,0,0,0,0,0,0,0,0,0,0,0
1358,Buster_,ƒoƒXƒ^[,4,34000,0,2500,140,0,0,0,1,2,0,0,0,0,0,0,2210,2,2,3,30,7,0,0,0,0,0,0,0,0,0,0,0,0
1359,Buster__,ƒoƒXƒ^[,4,34000,0,2500,140,0,0,0,1,0,0,0,0,0,0,0,2210,2,2,3,30,7,0,0,0,0,0,0,0,0,0,0,0,0
1360,Two_handed_Axe,ƒc[ƒnƒ“ƒhƒAƒbƒNƒX,4,55000,0,3000,170,0,0,0,1,1,0,0,0,0,0,0,2210,2,2,3,30,7,0,0,0,0,0,0,0,0,0,0,0,0
1361,Two_handed_Axe_,ƒc[ƒnƒ“ƒhƒAƒbƒNƒX,4,55000,0,3000,170,0,0,0,1,2,0,0,0,0,0,0,2210,2,2,3,30,7,0,0,0,0,0,0,0,0,0,0,0,0
1362,Two_handed_Axe__,ƒc[ƒnƒ“ƒhƒAƒbƒNƒX,4,55000,0,3000,170,0,0,0,1,0,0,0,0,0,0,0,2210,2,2,3,30,7,0,0,0,0,0,0,0,0,0,0,0,0
1363,Brood_Axe,ƒuƒ‰ƒbƒhƒAƒbƒNƒX,4,20,0,4000,160,0,0,0,1,0,10,0,0,0,0,0,2210,2,2,4,44,7,0,0,0,0,0,0,0,0,0,0,0,0
1364,Great_Axe,ƒOƒŒƒCƒgƒAƒbƒNƒX,4,20,0,1800,185,0,0,0,1,0,0,0,0,0,0,0,2210,2,2,4,44,7,0,0,0,0,0,0,0,0,0,0,0,0
1365,Sabbath,ƒTƒoƒX,4,20,0,2300,120,0,0,0,1,0,0,0,0,0,0,0,2210,2,2,4,44,7,7,0,0,0,0,0,0,0,0,0,0,0
1366,Right_Epsilon,ƒ‰ƒCƒgƒGƒvƒVƒƒ“,4,20,0,2300,180,0,0,0,1,0,0,0,0,0,0,0,2210,2,2,4,44,7,6,0,0,0,0,0,0,0,0,0,0,0
1367,Slaughter,ƒXƒ[ƒ^[,4,20,0,2500,120,0,0,0,1,0,0,0,0,0,0,0,2210,2,2,4,44,7,2,0,0,0,0,0,0,0,0,0,0,0
1368,Tomahawk,ƒgƒ}ƒz[ƒN,4,20,0,2500,165,0,0,0,1,0,0,0,0,0,0,0,2210,2,2,4,44,7,4,0,0,0,0,0,0,0,0,0,0,0
1369,Guillotine,ƒMƒƒ`ƒ“,4,20,0,3000,215,0,0,0,1,0,0,0,0,0,0,0,2210,2,2,4,44,7,0,0,0,0,0,0,0,0,0,0,0,0
1401,Javelin,ƒWƒƒƒxƒŠƒ“,4,150,0,700,28,0,0,0,3,3,0,0,0,0,0,0,130,2,2,1,4,4,0,0,0,0,0,0,0,0,0,0,0,0
1402,Javelin_,ƒWƒƒƒxƒŠƒ“,4,150,0,700,28,0,0,0,3,4,0,0,0,0,0,0,130,2,2,1,4,4,0,0,0,0,0,0,0,0,0,0,0,0
1403,Javelin__,ƒWƒƒƒxƒŠƒ“,4,150,0,700,28,0,0,0,3,0,0,0,0,0,0,0,130,2,2,1,4,4,0,0,0,0,0,0,0,0,0,0,0,0
1404,Spear,ƒXƒsƒA[,4,1700,0,850,44,0,0,0,3,3,0,0,0,0,0,0,130,2,2,1,4,4,0,0,0,0,0,0,0,0,0,0,0,0
1405,Spear_,ƒXƒsƒA[,4,1700,0,850,44,0,0,0,3,4,0,0,0,0,0,0,130,2,2,1,4,4,0,0,0,0,0,0,0,0,0,0,0,0
1406,Spear__,ƒXƒsƒA[,4,1700,0,850,44,0,0,0,3,0,0,0,0,0,0,0,130,2,2,1,4,4,0,0,0,0,0,0,0,0,0,0,0,0
1407,Pike,ƒpƒCƒN,4,3450,0,1000,60,0,0,0,3,3,0,0,0,0,0,0,130,2,2,1,4,4,0,0,0,0,0,0,0,0,0,0,0,0
1408,Pike_,ƒpƒCƒN,4,3450,0,1000,60,0,0,0,3,4,0,0,0,0,0,0,130,2,2,1,4,4,0,0,0,0,0,0,0,0,0,0,0,0
1409,Pike__,ƒpƒCƒN,4,3450,0,1000,60,0,0,0,3,0,0,0,0,0,0,0,130,2,2,1,4,4,0,0,0,0,0,0,0,0,0,0,0,0
1410,Lance,ƒ‰ƒ“ƒX,4,60000,0,2500,185,0,0,0,3,0,0,0,0,0,0,0,128,2,2,3,33,5,0,0,0,0,0,0,0,0,0,0,0,0
1411,Lance_,ƒ‰ƒ“ƒX,4,60000,0,2500,185,0,0,0,3,0,0,0,0,0,0,0,128,2,2,3,33,5,0,0,0,0,0,0,0,0,0,0,0,0
1412,Lance__,ƒ‰ƒ“ƒX,4,60000,0,2500,185,0,0,0,3,0,0,0,0,0,0,0,128,2,2,3,33,5,0,0,0,0,0,0,0,0,0,0,0,0
1413,Gungnir,ƒOƒ“ƒOƒj|ƒ‹,4,20,0,500,95,0,0,0,3,0,0,0,0,0,0,0,130,2,2,4,4,4,4,0,0,0,0,0,0,0,0,0,0,0
1414,Gelerdria,ƒQƒ‰ƒhƒŠƒA,4,20,0,700,145,0,0,0,3,0,0,0,0,0,0,0,130,2,2,4,48,4,2,0,0,0,0,0,0,0,0,0,0,0
1415,Skewer,‹ø,4,20,0,850,85,0,0,0,3,0,0,0,0,0,0,0,130,2,2,4,48,4,0,0,0,0,0,0,0,0,0,0,0,0
1416,Tjungkuletti,ƒeƒ…ƒ“ƒOƒŒƒeƒB[,4,20,0,1000,100,0,0,0,3,0,0,0,0,0,0,0,130,2,2,4,48,4,0,0,0,0,0,0,0,0,0,0,0,0
1451,Guisarme,ƒMƒUƒ‹ƒ€,4,13000,0,1000,84,0,0,0,3,2,0,0,0,0,0,0,130,2,2,2,18,5,0,0,0,0,0,0,0,0,0,0,0,0
1452,Guisarme_,ƒMƒUƒ‹ƒ€,4,13000,0,1000,84,0,0,0,3,3,0,0,0,0,0,0,130,2,2,2,18,5,0,0,0,0,0,0,0,0,0,0,0,0
1453,Guisarme__,ƒMƒUƒ‹ƒ€,4,13000,0,1000,84,0,0,0,3,0,0,0,0,0,0,0,130,2,2,2,18,5,0,0,0,0,0,0,0,0,0,0,0,0
1454,Glaive,ƒOƒŒƒCƒ”,4,20000,0,1200,104,0,0,0,3,2,0,0,0,0,0,0,130,2,2,2,18,5,0,0,0,0,0,0,0,0,0,0,0,0
1455,Glaive_,ƒOƒŒƒCƒ”,4,20000,0,1200,104,0,0,0,3,3,0,0,0,0,0,0,130,2,2,2,18,5,0,0,0,0,0,0,0,0,0,0,0,0
1456,Glaive__,ƒOƒŒƒCƒ”,4,20000,0,1200,104,0,0,0,3,0,0,0,0,0,0,0,130,2,2,2,18,5,0,0,0,0,0,0,0,0,0,0,0,0
1457,Partizan,ƒpƒ‹ƒ`ƒUƒ“,4,27000,0,2000,124,0,0,0,3,1,0,0,0,0,0,0,130,2,2,2,18,5,0,0,0,0,0,0,0,0,0,0,0,0
1458,Partizan_,ƒpƒ‹ƒ`ƒUƒ“,4,27000,0,2000,124,0,0,0,3,2,0,0,0,0,0,0,130,2,2,2,18,5,0,0,0,0,0,0,0,0,0,0,0,0
1459,Partizan__,ƒpƒ‹ƒ`ƒUƒ“,4,27000,0,2000,124,0,0,0,3,0,0,0,0,0,0,0,130,2,2,3,33,5,0,0,0,0,0,0,0,0,0,0,0,0
1460,Trident,ƒgƒ‰ƒCƒfƒ“ƒg,4,51000,0,1200,150,0,0,0,3,2,0,0,0,0,0,0,130,2,2,3,33,5,0,0,0,0,0,0,0,0,0,0,0,0
1461,Trident_,ƒgƒ‰ƒCƒfƒ“ƒg,4,51000,0,1200,150,0,0,0,3,3,0,0,0,0,0,0,130,2,2,3,33,5,0,0,0,0,0,0,0,0,0,0,0,0
1462,Trident__,ƒgƒ‰ƒCƒfƒ“ƒg,4,51000,0,1200,150,0,0,0,3,0,0,0,0,0,0,0,130,2,2,3,33,5,0,0,0,0,0,0,0,0,0,0,0,0
1463,Halberd,ƒnƒ‹ƒo[ƒh,4,54000,0,2500,165,0,0,0,3,1,0,0,0,0,0,0,130,2,2,3,33,5,0,0,0,0,0,0,0,0,0,0,0,0
1464,Halberd_,ƒnƒ‹ƒo[ƒh,4,54000,0,2500,165,0,0,0,3,2,0,0,0,0,0,0,130,2,2,3,33,5,0,0,0,0,0,0,0,0,0,0,0,0
1465,Halberd__,ƒnƒ‹ƒo[ƒh,4,54000,0,2500,165,0,0,0,3,0,0,0,0,0,0,0,130,2,2,3,33,5,0,0,0,0,0,0,0,0,0,0,0,0
1466,Crescent_Scythe,ƒNƒŒƒZƒ“ƒgƒTƒCƒ_[,4,20,0,2500,150,0,0,0,3,0,0,0,0,0,0,0,130,2,2,4,48,5,0,0,0,0,0,0,0,0,0,0,0,0
1467,Bill_Guisarme,ƒrƒ‹ƒMƒUƒ‹ƒ€,4,20,0,1000,180,0,0,0,3,0,0,0,0,0,0,0,130,2,2,4,48,5,0,0,0,0,0,0,0,0,0,0,0,0
1468,Zephyrus,ƒ[ƒsƒ…ƒƒX,4,20,0,1200,170,0,0,0,3,0,0,0,0,0,0,0,130,2,2,4,48,5,4,0,0,0,0,0,0,0,0,0,0,0
1469,Longinus's_Spear,ƒƒ“ƒMƒkƒX‚Ì‘„,4,20,0,2000,180,0,0,0,3,0,0,0,0,0,0,0,130,2,2,4,48,5,7,0,0,0,0,0,0,0,0,0,0,0
1470,Brionac,ƒuƒŠƒ…[ƒiƒN,4,20,0,1200,190,0,0,0,3,0,0,0,0,0,0,0,130,2,2,4,48,5,6,0,0,0,0,0,0,0,0,0,0,0
1471,Hell_fire,ƒwƒ‹ƒtƒ@ƒCƒA,4,20,0,2500,195,0,0,0,3,0,0,0,0,0,0,0,130,2,2,4,48,5,3,0,0,0,0,0,0,0,0,0,0,0
1501,Club,ƒNƒ‰ƒu,4,120,0,700,23,0,0,0,1,3,0,0,0,0,0,0,3251,2,2,1,2,8,0,0,0,0,0,0,0,0,0,0,0,0
1502,Club_,ƒNƒ‰ƒu,4,120,0,700,23,0,0,0,1,4,0,0,0,0,0,0,3251,2,2,1,2,8,0,0,0,0,0,0,0,0,0,0,0,0
1503,Club__,ƒNƒ‰ƒu,4,120,0,700,23,0,0,0,1,0,0,0,0,0,0,0,3251,2,2,1,2,8,0,0,0,0,0,0,0,0,0,0,0,0
1504,Mace,ƒƒCƒX,4,1600,0,800,37,0,0,0,1,3,0,0,0,0,0,0,3251,2,2,1,2,8,0,0,0,0,0,0,0,0,0,0,0,0
1505,Mace_,ƒƒCƒX,4,1600,0,800,37,0,0,0,1,4,0,0,0,0,0,0,3251,2,2,1,2,8,0,0,0,0,0,0,0,0,0,0,0,0
1506,Mace__,ƒƒCƒX,4,1600,0,800,37,0,0,0,1,0,0,0,0,0,0,0,3251,2,2,1,2,8,0,0,0,0,0,0,0,0,0,0,0,0
1507,Smasher,ƒXƒ}ƒbƒVƒƒ[,4,9000,0,1000,54,0,0,0,1,2,0,0,0,0,0,0,3251,2,2,2,14,8,0,0,0,0,0,0,0,0,0,0,0,0
1508,Smasher_,ƒXƒ}ƒbƒVƒƒ[,4,9000,0,1000,54,0,0,0,1,3,0,0,0,0,0,0,3251,2,2,2,14,8,0,0,0,0,0,0,0,0,0,0,0,0
1509,Smasher__,ƒXƒ}ƒbƒVƒƒ[,4,9000,0,1000,54,0,0,0,1,3,0,0,0,0,0,0,3251,2,2,2,14,8,0,0,0,0,0,0,0,0,0,0,0,0
1510,Flail,ƒtƒŒƒCƒ‹,4,16000,0,900,69,0,0,0,1,2,0,0,0,0,0,0,3251,2,2,2,14,8,0,0,0,0,0,0,0,0,0,0,0,0
1511,Flail_,ƒtƒŒƒCƒ‹,4,16000,0,900,69,0,0,0,1,3,0,0,0,0,0,0,3251,2,2,2,14,8,0,0,0,0,0,0,0,0,0,0,0,0
1512,Flail__,ƒtƒŒƒCƒ‹,4,16000,0,900,69,0,0,0,1,3,0,0,0,0,0,0,3251,2,2,2,14,8,0,0,0,0,0,0,0,0,0,0,0,0
1513,Morning_Star,ƒ‚ƒjƒ“ƒOƒXƒ^[,4,41000,0,1500,110,0,0,0,1,1,0,0,0,0,0,0,3251,2,2,3,27,8,0,0,0,0,0,0,0,0,0,0,0,0
1514,Morning_Star_,ƒ‚ƒjƒ“ƒOƒXƒ^[,4,41000,0,1500,110,0,0,0,1,2,0,0,0,0,0,0,3251,2,2,3,27,8,0,0,0,0,0,0,0,0,0,0,0,0
1515,Morning_Star__,ƒ‚ƒjƒ“ƒOƒXƒ^[,4,41000,0,1500,110,0,0,0,1,2,0,0,0,0,0,0,3251,2,2,3,27,8,0,0,0,0,0,0,0,0,0,0,0,0
1516,Sword_Mace,ƒ\[ƒhƒƒCƒX,4,50000,0,1200,130,0,0,0,1,0,0,0,0,0,0,0,3251,2,2,3,27,8,0,0,0,0,0,0,0,0,0,0,0,0
1517,Sword_Mace_,ƒ\[ƒhƒƒCƒX,4,50000,0,1200,130,0,0,0,1,1,0,0,0,0,0,0,3251,2,2,3,27,8,0,0,0,0,0,0,0,0,0,0,0,0
1518,Sword_Mace__,ƒ\[ƒhƒƒCƒX,4,50000,0,1200,130,0,0,0,1,1,0,0,0,0,0,0,3251,2,2,3,27,8,0,0,0,0,0,0,0,0,0,0,0,0
1519,Chain,ƒ`ƒFƒCƒ“,4,23000,0,800,84,0,0,0,1,2,0,0,0,0,0,0,3251,2,2,2,14,8,0,0,0,0,0,0,0,0,0,0,0,0
1520,Chain_,ƒ`ƒFƒCƒ“,4,23000,0,800,84,0,0,0,1,3,0,0,0,0,0,0,3251,2,2,2,14,8,0,0,0,0,0,0,0,0,0,0,0,0
1521,Chain__,ƒ`ƒFƒCƒ“,4,23000,0,800,84,0,0,0,1,3,0,0,0,0,0,0,3251,2,2,2,14,8,0,0,0,0,0,0,0,0,0,0,0,0
1522,Stunner,ƒXƒ^ƒi[,4,60000,0,2000,140,0,0,0,1,0,0,0,0,0,0,0,1024,2,2,3,27,8,0,0,0,0,0,0,0,0,0,0,0,0
1523,Spike,ƒXƒpƒCƒN,4,20,0,700,70,0,0,0,1,0,0,0,0,0,0,0,3251,2,2,4,40,8,0,0,0,0,0,0,0,0,0,0,0,0
1524,Golden_Mace,ƒS[ƒ‹ƒfƒ“ƒƒCƒX,4,20,0,800,130,0,0,0,1,0,0,0,0,0,0,0,3251,2,2,4,40,8,0,0,0,0,0,0,0,0,0,0,0,0
1525,Long_Mace,ƒƒ“ƒOƒƒCƒX,4,20,0,800,135,0,0,0,2,0,0,0,0,0,0,0,3251,2,2,4,40,8,0,0,0,0,0,0,0,0,0,0,0,0
1526,Slash,ƒXƒ‰ƒbƒVƒ… ,4,20,0,1000,145,0,0,0,1,0,0,0,0,0,0,0,3251,2,2,4,40,8,0,0,0,0,0,0,0,0,0,0,0,0
1527,Quadrille,ƒJƒhƒŠ[ƒ‹,4,20,0,900,165,0,0,0,1,0,0,0,0,0,0,0,3251,2,2,4,40,8,0,0,0,0,0,0,0,0,0,0,0,0
1528,Grand_Cross,ƒOƒ‰ƒ“ƒhƒNƒƒX,4,20,0,1500,140,0,0,0,1,0,0,0,0,0,0,0,3251,2,2,4,40,8,6,0,0,0,0,0,0,0,0,0,0,0
1550,Book,ƒuƒbƒN,4,30000,0,600,100,0,0,0,1,0,0,0,0,0,0,0,1024,2,2,2,14,15,0,0,0,0,0,0,0,0,0,0,0,0
1551,Bible,ƒoƒCƒuƒ‹,4,60000,0,1000,139,0,0,0,1,0,0,0,0,2,0,0,1024,2,2,3,27,15,0,0,0,0,0,0,0,0,0,0,0,0
1552,Tablet,ƒ^ƒuƒŒƒbƒg,4,51000,0,800,151,0,0,0,1,0,0,0,0,0,0,0,1024,2,2,3,27,15,0,0,0,0,0,0,0,0,0,0,0,0
1553,Nami,r‚ê‹¶‚¤”g‚Ì‘,4,0,0,750,90,0,0,0,1,0,0,0,0,0,0,0,1024,2,2,3,27,15,1,0,0,0,0,0,0,0,0,0,0,0
1554,Daiti,—ô‚¯‚½‘å’n‚Ì‘,4,0,0,750,90,0,0,0,1,0,0,0,0,0,0,0,1024,2,2,3,27,15,2,0,0,0,0,0,0,0,0,0,0,0
1555,Taiyou,”R‚¦‚é‘¾—z‚Ì‘,4,0,0,750,90,0,0,0,1,0,0,0,0,0,0,0,1024,2,2,3,27,15,3,0,0,0,0,0,0,0,0,0,0,0
1556,Kaze,Š£‚¢‚Ä‚é•—‚Ì‘,4,0,0,750,90,0,0,0,1,0,0,0,0,0,0,0,1024,2,2,3,27,15,4,0,0,0,0,0,0,0,0,0,0,0
1557,Mokushiroku,–Ù¦˜^,4,0,0,800,90,0,0,0,1,0,0,0,0,0,0,0,1024,2,2,4,40,15,7,0,0,0,0,0,0,0,0,0,0,0
1558,Nikki,­—‚Ì“ú‹L,4,0,0,300,45,0,0,0,1,0,0,0,0,0,0,0,1024,2,2,4,40,15,0,0,0,0,0,0,0,0,0,0,0,0
1601,Rod,ƒƒbƒh,4,50,0,400,15,0,0,0,1,3,0,0,0,0,0,0,1301,2,2,1,1,10,0,0,0,0,0,0,0,0,0,0,0,0
1602,Rod_,ƒƒbƒh,4,50,0,400,15,0,0,0,1,4,0,0,0,0,0,0,1301,2,2,1,1,10,0,0,0,0,0,0,0,0,0,0,0,0
1603,Rod__,ƒƒbƒh,4,50,0,400,15,0,0,0,1,0,0,0,0,0,0,0,1301,2,2,1,1,10,0,0,0,0,0,0,0,0,0,0,0,0
1604,Wand,ƒƒ“ƒh,4,2500,0,400,25,0,0,0,1,2,0,0,0,1,0,0,1301,2,2,2,12,10,0,0,0,0,0,0,0,0,0,0,0,0
1605,Wand_,ƒƒ“ƒh,4,2500,0,400,25,0,0,0,1,3,0,0,0,1,0,0,1301,2,2,2,12,10,0,0,0,0,0,0,0,0,0,0,0,0
1606,Wand__,ƒƒ“ƒh,4,2500,0,400,25,0,0,0,1,0,0,0,0,1,0,0,1301,2,2,2,12,10,0,0,0,0,0,0,0,0,0,0,0,0
1607,Staff,ƒXƒ^ƒbƒt,4,9500,0,400,40,0,0,0,1,2,0,0,0,2,0,0,1301,2,2,2,12,10,0,0,0,0,0,0,0,0,0,0,0,0
1608,Staff_,ƒXƒ^ƒbƒt,4,9500,0,400,40,0,0,0,1,3,0,0,0,2,0,0,1301,2,2,2,12,10,0,0,0,0,0,0,0,0,0,0,0,0
1609,Staff__,ƒXƒ^ƒbƒt,4,9500,0,400,40,0,0,0,1,0,0,0,0,2,0,0,1301,2,2,2,12,10,0,0,0,0,0,0,0,0,0,0,0,0
1610,Arc_Wand,ƒA[ƒNƒƒ“ƒh,4,45000,0,400,60,0,0,0,1,1,0,0,0,3,0,0,1301,2,2,3,24,10,0,0,0,0,0,0,0,0,0,0,0,0
1611,Arc_Wand_,ƒA[ƒNƒƒ“ƒh,4,45000,0,400,60,0,0,0,1,2,0,0,0,3,0,0,1301,2,2,3,24,10,0,0,0,0,0,0,0,0,0,0,0,0
1612,Arc_Wand__,ƒA[ƒNƒƒ“ƒh,4,45000,0,400,60,0,0,0,1,0,0,0,0,3,0,0,1301,2,2,3,24,10,0,0,0,0,0,0,0,0,0,0,0,0
1613,Mighty_Staff,ƒ}ƒCƒgƒXƒ^ƒbƒt,4,20,0,700,130,0,0,0,1,0,0,0,0,0,0,0,1300,2,2,3,24,10,0,0,0,0,0,0,0,0,0,0,0,0
1614,Blessed_Wand,_Š¯‚Ìñ,4,20,0,700,75,0,0,0,1,0,0,0,0,3,0,0,1300,2,2,3,24,10,0,0,0,0,0,0,0,0,0,0,0,0
1615,Bone_Wand,Š[œ‚Ìñ,4,20,0,700,40,0,0,0,1,0,0,0,0,4,0,0,1300,2,2,3,24,10,9,0,0,0,0,0,0,0,0,0,0,0
1701,Bow,ƒ{ƒE,4,1000,0,500,15,0,0,0,5,3,0,0,0,0,0,0,584,2,2,1,4,11,0,0,0,0,0,0,0,0,0,0,0,0
1702,Bow_,ƒ{ƒE,4,1000,0,500,15,0,0,0,5,4,0,0,0,0,0,0,584,2,2,1,4,11,0,0,0,0,0,0,0,0,0,0,0,0
1703,Bow__,ƒ{ƒE,4,1000,0,500,15,0,0,0,5,0,0,0,0,0,0,0,584,2,2,1,4,11,0,0,0,0,0,0,0,0,0,0,0,0
1704,Composite_Bow,ƒRƒ“ƒ|ƒWƒbƒgƒ{ƒE,4,2500,0,600,29,0,0,0,5,3,0,0,0,0,0,0,584,2,2,1,4,11,0,0,0,0,0,0,0,0,0,0,0,0
1705,Composite_Bow_,ƒRƒ“ƒ|ƒWƒbƒgƒ{ƒE,4,2500,0,600,29,0,0,0,5,4,0,0,0,0,0,0,584,2,2,1,4,11,0,0,0,0,0,0,0,0,0,0,0,0
1706,Composite_Bow__,ƒRƒ“ƒ|ƒWƒbƒgƒ{ƒE,4,2500,0,600,29,0,0,0,5,0,0,0,0,0,0,0,584,2,2,1,4,11,0,0,0,0,0,0,0,0,0,0,0,0
1707,Great_Bow,ƒOƒŒƒCƒgƒ{ƒE,4,10000,0,1000,50,0,0,0,5,2,0,0,0,0,0,0,584,2,2,2,18,11,0,0,0,0,0,0,0,0,0,0,0,0
1708,Great_Bow_,ƒOƒŒƒCƒgƒ{ƒE,4,10000,0,1000,50,0,0,0,5,3,0,0,0,0,0,0,584,2,2,2,18,11,0,0,0,0,0,0,0,0,0,0,0,0
1709,Great_Bow__,ƒOƒŒƒCƒgƒ{ƒE,4,10000,0,1000,50,0,0,0,5,0,0,0,0,0,0,0,584,2,2,2,18,11,0,0,0,0,0,0,0,0,0,0,0,0
1710,CrossBow,ƒNƒƒXƒ{ƒE,4,17000,0,900,65,0,0,0,5,2,0,0,0,0,0,0,584,2,2,2,18,11,0,0,0,0,0,0,0,0,0,0,0,0
1711,CrossBow_,ƒNƒƒXƒ{ƒE,4,17000,0,900,65,0,0,0,5,3,0,0,0,0,0,0,584,2,2,2,18,11,0,0,0,0,0,0,0,0,0,0,0,0
1712,CrossBow__,ƒNƒƒXƒ{ƒE,4,17000,0,900,65,0,0,0,5,0,0,0,0,0,0,0,584,2,2,2,18,11,0,0,0,0,0,0,0,0,0,0,0,0
1713,Arbalest,ƒA[ƒoƒŒƒXƒg,4,48000,0,1000,90,0,0,0,5,1,0,0,0,0,2,0,584,2,2,3,33,11,0,0,0,0,0,0,0,0,0,0,0,0
1714,Kakkung,Šp‹|,4,42000,0,1100,100,0,0,0,5,1,0,0,0,0,0,0,584,2,2,3,33,11,0,0,0,0,0,0,0,0,0,0,0,0
1715,Arbalest_,ƒA[ƒoƒŒƒXƒg,4,48000,0,1000,90,0,0,0,5,2,0,0,0,0,2,0,584,2,2,3,33,11,0,0,0,0,0,0,0,0,0,0,0,0
1716,Kakkung_,Šp‹|,4,42000,0,1100,100,0,0,0,5,2,0,0,0,0,0,0,584,2,2,3,33,11,0,0,0,0,0,0,0,0,0,0,0,0
1718,Hunter_Bow,ƒnƒ“ƒ^[ƒ{ƒE,4,64000,0,1500,125,0,0,0,5,0,0,0,0,0,0,0,512,2,2,3,33,11,0,0,0,0,0,0,0,0,0,0,0,0
1719,Bow_of_Roguemaster,“‘¯‚Ì‹|,4,20,0,500,75,0,0,0,9,0,0,0,0,0,0,0,64,2,2,4,48,11,0,0,0,0,0,0,0,0,0,0,0,0
1720,Bow_of_Rudra,ƒ‹ƒhƒ‰‚Ì‹|,4,20,0,1000,130,0,0,0,5,0,0,0,0,0,0,0,584,2,2,4,48,11,6,0,0,0,0,0,0,0,0,0,0,0
1750,Arrow,–î,10,1,0,1,25,0,0,0,0,0,0,0,0,0,0,0,0,0,0,0,1,0,0,0,0,0,0,0,0,0,0,0,0,0
1751,Silver_Arrow,‹â‚Ì–î,10,3,0,2,30,0,0,0,0,0,0,0,0,0,0,0,0,0,0,0,1,0,6,0,0,0,0,0,0,0,0,0,0,0
1752,Fire_Arrow,‰Š‚Ì–î,10,3,0,2,30,0,0,0,0,0,0,0,0,0,0,0,0,0,0,0,1,0,3,0,0,0,0,0,0,0,0,0,0,0
1753,Koutetu,|“S‚Ì–î,10,,0,2,40,0,0,0,0,0,0,0,0,0,0,0,0,0,0,0,1,0,0,0,0,0,0,0,0,0,0,0,0,0
1754,Suisyou,…»‚Ì–î,10,3,0,2,30,0,0,0,0,0,0,0,0,0,0,0,0,0,0,0,1,0,1,0,0,0,0,0,0,0,0,0,0,0
1755,Kaze,•—‚Ì–î,10,3,0,2,30,0,0,0,0,0,0,0,0,0,0,0,0,0,0,0,1,0,4,0,0,0,0,0,0,0,0,0,0,0
1756,Ganseki,ŠâÎ‚Ì–î,10,3,0,2,30,0,0,0,0,0,0,0,0,0,0,0,0,0,0,0,1,0,2,0,0,0,0,0,0,0,0,0,0,0
1766,Hamaya,”j–‚–î,10,500,0,3,50,0,0,0,0,0,0,0,0,0,0,0,0,0,0,0,1,0,0,0,0,0,0,0,0,0,0,0,0,0
1801,Waghnakh,ƒoƒOƒiƒN,4,8000,0,400,30,0,0,0,1,3,0,0,0,0,0,0,1024,2,2,1,1,12,0,0,0,0,0,0,0,0,0,0,0,0
1802,Waghnakh_,ƒoƒOƒiƒN,4,8000,0,400,30,0,0,0,1,4,0,0,0,0,0,0,1024,2,2,1,1,12,0,0,0,0,0,0,0,0,0,0,0,0
1803,Knuckle_Duster,ƒiƒbƒNƒ‹ƒ_ƒXƒ^[,4,25000,0,450,50,0,0,0,1,2,0,0,0,0,0,0,1024,2,2,2,12,12,0,0,0,0,0,0,0,0,0,0,0,0
1804,Knuckle_Duster_,ƒiƒbƒNƒ‹ƒ_ƒXƒ^[,4,25000,0,450,50,0,0,0,1,3,0,0,0,0,0,0,1024,2,2,2,12,12,0,0,0,0,0,0,0,0,0,0,0,0
1805,Hora,ƒzƒ‰,4,32000,0,450,65,0,0,0,1,2,0,0,0,0,0,0,1024,2,2,2,12,12,0,0,0,0,0,0,0,0,0,0,0,0
1806,Hora_,ƒzƒ‰,4,32000,0,450,65,0,0,0,1,3,0,0,0,0,0,0,1024,2,2,2,12,12,0,0,0,0,0,0,0,0,0,0,0,0
1807,Fist,ƒtƒBƒXƒg,4,53000,0,650,115,0,0,0,1,0,0,0,0,0,0,0,1024,2,2,3,24,12,0,0,0,0,0,0,0,0,0,0,0,0
1808,Fist_,ƒtƒBƒXƒg,4,53000,0,650,115,0,0,0,1,1,0,0,0,0,0,0,1024,2,2,3,24,12,0,0,0,0,0,0,0,0,0,0,0,0
1809,Claw,ƒNƒ[,4,67000,0,500,86,0,0,0,1,1,2,0,0,0,0,0,1024,2,2,3,24,12,0,0,0,0,0,0,0,0,0,0,0,0
1810,Claw_,ƒNƒ[,4,67000,0,500,86,0,0,0,1,2,2,0,0,0,0,0,1024,2,2,3,24,12,0,0,0,0,0,0,0,0,0,0,0,0
1811,Finger,ƒtƒBƒ“ƒK[,4,58000,0,500,97,0,0,0,1,1,0,0,0,0,0,0,1024,2,2,3,24,12,0,0,0,0,0,0,0,0,0,0,0,0
1812,Finger_,ƒtƒBƒ“ƒK[,4,58000,0,500,97,0,0,0,1,2,0,0,0,0,0,0,1024,2,2,3,24,12,0,0,0,0,0,0,0,0,0,0,0,0
1813,Kaiser_Knuckle,ƒJƒCƒU[ ƒiƒbƒNƒ‹,4,20,0,450,100,0,0,0,1,0,0,0,0,0,0,0,1024,2,2,4,36,12,4,0,0,0,0,0,0,0,0,0,0,0
1814,Berserk,ƒxƒ‹ƒZƒ‹ƒN,4,20,0,500,100,0,0,0,1,0,0,0,0,0,0,0,1024,2,2,4,36,12,0,0,0,0,0,0,0,0,0,0,0,0
1901,Violin,ƒoƒCƒIƒŠƒ“,4,4000,0,700,50,0,0,0,1,3,0,0,0,0,0,0,512,2,2,1,2,13,0,0,0,0,0,0,0,0,0,0,0,0
1902,Violin_,ƒoƒCƒIƒŠƒ“,4,4000,0,700,50,0,0,0,1,4,0,0,0,0,0,0,512,2,2,1,2,13,0,0,0,0,0,0,0,0,0,0,0,0
1903,Mandolin,ƒ}ƒ“ƒhƒŠƒ“,4,18000,0,400,90,0,0,0,1,2,0,0,0,0,0,0,512,2,2,2,14,13,0,0,0,0,0,0,0,0,0,0,0,0
1904,Mandolin_,ƒ}ƒ“ƒhƒŠƒ“,4,18000,0,400,90,0,0,0,1,3,0,0,0,0,0,0,512,2,2,2,14,13,0,0,0,0,0,0,0,0,0,0,0,0
1905,Lute,ƒŠƒ…[ƒg,4,24500,0,500,105,0,0,0,1,2,0,0,0,0,0,0,512,2,2,2,14,13,0,0,0,0,0,0,0,0,0,0,0,0
1906,Lute_,ƒŠƒ…[ƒg,4,24500,0,500,105,0,0,0,1,3,0,0,0,0,0,0,512,2,2,2,14,13,0,0,0,0,0,0,0,0,0,0,0,0
1907,Guitar,ƒMƒ^[,4,47000,0,900,142,0,0,0,1,0,0,0,0,0,0,0,512,2,2,3,27,13,0,0,0,0,0,0,0,0,0,0,0,0
1908,Guitar_,ƒMƒ^[,4,47000,0,900,142,0,0,0,1,1,0,0,0,0,0,0,512,2,2,3,27,13,0,0,0,0,0,0,0,0,0,0,0,0
1909,Harp,ƒn[ƒv,4,62000,0,900,114,0,0,0,1,1,0,0,0,2,0,0,512,2,2,3,27,13,0,0,0,0,0,0,0,0,0,0,0,0
1910,Harp_,ƒn[ƒv,4,62000,0,900,114,0,0,0,1,2,0,0,0,2,0,0,512,2,2,3,27,13,0,0,0,0,0,0,0,0,0,0,0,0
1911,Guh_Moon_Goh,ƒSƒ€ƒ“ƒS,4,54000,0,1300,126,0,0,0,1,1,0,0,0,0,0,0,512,2,2,3,27,13,0,0,0,0,0,0,0,0,0,0,0,0
1912,Guh_Moon_Goh_,ƒSƒ€ƒ“ƒS,4,54000,0,1300,126,0,0,0,1,2,0,0,0,0,0,0,512,2,2,3,27,13,0,0,0,0,0,0,0,0,0,0,0,0
1950,Rope,ƒ[ƒv,4,2500,0,400,45,0,0,0,2,3,0,0,0,0,0,0,512,2,2,1,3,14,0,0,0,0,0,0,0,0,0,0,0,0
1951,Rope_,ƒ[ƒv,4,2500,0,400,45,0,0,0,2,4,0,0,0,0,0,0,512,2,2,1,3,14,0,0,0,0,0,0,0,0,0,0,0,0
1952,Line,ƒ‰ƒCƒ“,4,12000,0,300,80,0,0,0,2,2,0,0,0,0,0,0,512,2,2,2,16,14,0,0,0,0,0,0,0,0,0,0,0,0
1953,Line_,ƒ‰ƒCƒ“,4,12000,0,300,80,0,0,0,2,3,0,0,0,0,0,0,512,2,2,2,16,14,0,0,0,0,0,0,0,0,0,0,0,0
1954,Wire,ƒƒCƒ„[,4,17500,0,1000,95,0,0,0,2,2,0,0,0,0,0,0,512,2,2,2,16,14,0,0,0,0,0,0,0,0,0,0,0,0
1955,Wire_,ƒƒCƒ„[,4,17500,0,1000,95,0,0,0,2,3,0,0,0,0,0,0,512,2,2,2,16,14,0,0,0,0,0,0,0,0,0,0,0,0
1956,Rante,ƒ‰ƒ“ƒe,4,32000,0,900,135,0,0,0,2,0,0,0,0,0,0,0,512,2,2,3,30,14,0,0,0,0,0,0,0,0,0,0,0,0
1957,Rante_,ƒ‰ƒ“ƒe,4,32000,0,900,135,0,0,0,2,1,0,0,0,0,0,0,512,2,2,3,30,14,0,0,0,0,0,0,0,0,0,0,0,0
1958,Tail,ƒeƒCƒ‹,4,41000,0,700,105,0,0,0,2,1,0,0,0,0,0,3,512,2,2,3,30,14,0,0,0,0,0,0,0,0,0,0,0,0
1959,Tail_,ƒeƒCƒ‹,4,41000,0,700,105,0,0,0,2,2,0,0,0,0,0,3,512,2,2,3,30,14,0,0,0,0,0,0,0,0,0,0,0,0
1960,Whip,ƒzƒCƒbƒv,4,38000,0,700,120,0,0,0,2,1,0,0,0,0,0,0,512,2,2,3,30,14,0,0,0,0,0,0,0,0,0,0,0,0
1961,Whip_,ƒzƒCƒbƒv,4,38000,0,700,120,0,0,0,2,2,0,0,0,0,0,0,512,2,2,3,30,14,0,0,0,0,0,0,0,0,0,0,0,0
1962,Lariat,ƒ‰ƒŠƒGƒbƒg,4,20,0,400,100,0,0,0,2,0,0,0,0,0,0,0,512,2,2,4,44,14,0,0,0,0,0,0,0,0,0,0,0,0
1963,Rapture_Rose,ƒ‰ƒvƒ`ƒƒ[ƒ[ƒY,4,20,0,300,115,0,0,0,2,0,0,0,0,0,0,0,512,2,2,4,44,14,5,0,0,0,0,0,0,0,0,0,0,0
1964,Chemeti,ƒVƒ…ƒƒeƒB,4,20,0,700,150,0,0,0,2,0,0,0,0,0,0,0,512,2,2,4,44,14,0,0,0,0,0,0,0,0,0,0,0,0
2101,Guard,ƒK[ƒh,5,500,0,300,0,0,2,0,0,0,0,0,0,0,0,0,8191,2,32,0,0,1,0,0,0,0,0,0,0,0,0,0,0,0
2102,Guard_,ƒK[ƒh,5,500,0,300,0,0,2,0,0,1,0,0,0,0,0,0,8191,2,32,0,0,1,0,0,0,0,0,0,0,0,0,0,0,0
2103,Buckler,ƒoƒbƒNƒ‰[,5,14000,0,600,0,0,4,0,0,0,0,0,0,0,0,0,7410,2,32,0,0,2,0,0,0,0,0,0,0,0,0,0,0,0
2104,Buckler_,ƒoƒbƒNƒ‰[,5,14000,0,600,0,0,4,0,0,1,0,0,0,0,0,0,7410,2,32,0,0,2,0,0,0,0,0,0,0,0,0,0,0,0
2105,Shield,ƒV[ƒ‹ƒh,5,56000,0,1300,0,0,6,0,0,0,0,0,0,0,0,0,130,2,32,0,0,3,0,0,0,0,0,0,0,0,0,0,0,0
2106,Shield_,ƒV[ƒ‹ƒh,5,56000,0,1300,0,0,6,0,0,1,0,0,0,0,0,0,130,2,32,0,0,3,0,0,0,0,0,0,0,0,0,0,0,0
2107,Mirror_Shield,ƒ~ƒ‰[ƒV[ƒ‹ƒh,5,60000,0,1000,0,0,4,5,0,0,0,0,0,0,0,0,130,2,32,0,0,4,0,0,0,0,0,0,0,0,0,0,0,0
2108,Mirror_Shield_,ƒ~ƒ‰[ƒV[ƒ‹ƒh,5,60000,0,1000,0,0,4,5,0,1,0,0,0,0,0,0,130,2,32,0,0,4,0,0,0,0,0,0,0,0,0,0,0,0
2201,Sunglasses,ƒTƒ“ƒOƒ‰ƒX,5,5000,0,100,0,0,0,0,0,0,0,0,0,0,0,0,8191,2,512,0,0,12,0,0,0,0,0,0,0,0,0,0,0,0
2202,Sunglasses_,ƒTƒ“ƒOƒ‰ƒX,5,5000,0,100,0,0,0,0,0,1,0,0,0,0,0,0,8191,2,512,0,0,12,0,0,0,0,0,0,0,0,0,0,0,0
2203,Glasses,ƒOƒ‰ƒX,5,4000,0,100,0,0,0,0,0,0,0,0,0,0,0,0,8191,2,512,0,0,3,0,0,0,0,0,0,0,0,0,0,0,0
2204,Glasses_,ƒOƒ‰ƒX,5,4000,0,100,0,0,0,0,0,1,0,0,0,0,0,0,8191,2,512,0,0,3,0,0,0,0,0,0,0,0,0,0,0,0
2205,Diver's_Goggles,ƒ_ƒCƒo[ƒS[ƒOƒ‹,5,3500,0,100,0,0,0,0,0,0,0,0,0,0,0,0,8191,2,512,0,0,10,0,0,0,0,0,0,0,0,0,0,0,0
2206,Wedding_Veil,–ÊÑ•z,5,23000,0,100,0,0,0,5,0,0,0,0,0,0,0,0,8191,0,769,0,0,44,0,0,0,0,0,0,0,0,0,0,0,0
2207,Fancy_Flower,‘•ü—p‰Ô,5,20,0,100,0,0,0,0,0,0,0,0,0,0,0,0,8191,2,769,0,0,4,0,0,0,0,0,0,0,0,0,0,0,0
2208,Ribbon,ƒŠƒ{ƒ“,5,800,0,100,0,0,1,3,0,0,0,0,0,0,0,0,8191,0,769,0,0,17,0,0,0,0,0,0,0,0,0,0,0,0
2209,Ribbon_,ƒŠƒ{ƒ“,5,800,0,100,0,0,1,3,0,1,0,0,0,0,0,0,8191,0,769,0,0,17,0,0,0,0,0,0,0,0,0,0,0,0
2210,Hair_Band,ƒnƒ`ƒ}ƒL,5,500,0,100,0,0,1,0,0,0,0,0,0,0,0,0,8191,2,769,0,0,9,0,0,0,0,0,0,0,0,0,0,0,0
2211,Bandana,“ª‹Ğ,5,400,0,100,0,0,1,0,0,0,0,0,0,0,0,0,8191,2,769,0,0,6,0,0,0,0,0,0,0,0,0,0,0,0
2212,Eye_Bandage,Šá‘Ñ,5,1000,0,100,0,0,0,0,0,0,0,0,0,0,0,0,8191,2,512,0,0,13,0,0,0,0,0,0,0,0,0,0,0,0
2213,Cat_Hairband,”L¨‚ÌƒwƒAƒoƒ“ƒh,5,20,0,100,0,0,2,0,0,0,0,0,0,0,0,0,8191,2,769,0,0,2,0,0,0,0,0,0,0,0,0,0,0,0
2214,Bunny_Band,ƒEƒTƒM‚ÌƒwƒAƒoƒ“ƒh,5,20,0,100,0,0,2,0,0,0,0,0,0,0,0,2,8191,2,769,0,0,15,0,0,0,0,0,0,0,0,0,0,0,0
2215,Flower_Hairband,‰Ô‚ÌƒwƒAƒoƒ“ƒh,5,20,0,100,0,0,2,0,0,0,0,0,0,0,0,0,8191,2,769,0,0,5,0,0,0,0,0,0,0,0,0,0,0,0
2216,Biretta,ƒrƒŒƒ^,5,9000,0,100,0,0,4,0,0,0,0,0,0,0,0,0,1040,2,769,0,0,11,0,0,0,0,0,0,0,0,0,0,0,0
2217,Biretta_,ƒrƒŒƒ^,5,9000,0,100,0,0,4,0,0,1,0,0,0,0,0,0,1040,2,769,0,0,11,0,0,0,0,0,0,0,0,0,0,0,0
2218,Flu_Mask,ƒ}ƒXƒN,5,300,0,100,0,0,0,0,0,0,0,0,0,0,0,0,8191,2,1,0,0,8,0,0,0,0,0,0,0,0,0,0,0,0
2219,Flu_Mask_,ƒ}ƒXƒN,5,300,0,100,0,0,0,0,0,0,0,0,0,0,0,0,8191,2,1,0,0,8,0,0,0,0,0,0,0,0,0,0,0,0
2220,Hat,ƒnƒbƒg,5,1000,0,200,0,0,2,0,0,0,0,0,0,0,0,0,8191,2,769,0,0,16,0,0,0,0,0,0,0,0,0,0,0,0
2221,Hat_,ƒnƒbƒg,5,1000,0,200,0,0,2,0,0,1,0,0,0,0,0,0,8191,2,769,0,0,16,0,0,0,0,0,0,0,0,0,0,0,0
2222,Turban,ŠÛ‚¢‚Ú‚¤‚µ,5,4500,0,300,0,0,3,0,0,0,0,0,0,0,0,0,8191,2,769,0,0,7,0,0,0,0,0,0,0,0,0,0,0,0
2223,Turban_,ŠÛ‚¢‚Ú‚¤‚µ,5,4500,0,300,0,0,3,0,0,1,0,0,0,0,0,0,8191,2,769,0,0,7,0,0,0,0,0,0,0,0,0,0,0,0
2224,Goggle,ƒS[ƒOƒ‹,5,10000,0,300,0,0,5,0,0,0,0,0,0,0,0,0,6370,2,769,0,0,1,0,0,0,0,0,0,0,0,0,0,0,0
2225,Goggle_,ƒS[ƒOƒ‹,5,10000,0,300,0,0,5,0,0,1,0,0,0,0,0,0,6370,2,769,0,0,1,0,0,0,0,0,0,0,0,0,0,0,0
2226,Cap,ƒLƒƒƒbƒv,5,12000,0,400,0,0,4,0,0,0,0,0,0,0,0,0,6890,2,769,0,0,14,0,0,0,0,0,0,0,0,0,0,0,0
2227,Cap_,ƒLƒƒƒbƒv,5,12000,0,400,0,0,4,0,0,1,0,0,0,0,0,0,6890,2,769,0,0,14,0,0,0,0,0,0,0,0,0,0,0,0
2228,Helm,ƒwƒ‹ƒ€,5,44000,0,600,0,0,6,0,0,0,0,0,0,0,0,0,130,2,769,0,0,40,0,0,0,0,0,0,0,0,0,0,0,0
2229,Helm_,ƒwƒ‹ƒ€,5,44000,0,600,0,0,6,0,0,1,0,0,0,0,0,0,130,2,769,0,0,40,0,0,0,0,0,0,0,0,0,0,0,0
2230,Gemmed_Sallet,ƒWƒ…ƒGƒ‹ƒwƒ‹ƒ€,5,50000,0,500,0,0,4,3,0,0,0,0,0,0,0,0,6370,2,769,0,0,0,0,0,0,0,0,0,0,0,0,0,0,0
2231,Gemmed_Sallet_,ƒWƒ…ƒGƒ‹ƒwƒ‹ƒ€,5,50000,0,500,0,0,4,3,0,1,0,0,0,0,0,0,6370,2,769,0,0,0,0,0,0,0,0,0,0,0,0,0,0,0
2232,Circlet,ƒT[ƒNƒŒƒbƒg,5,7500,0,300,0,0,3,3,0,0,0,0,0,0,0,0,1300,2,769,0,0,18,0,0,0,0,0,0,0,0,0,0,0,0
2233,Circlet_,ƒT[ƒNƒŒƒbƒg,5,7500,0,300,0,0,3,3,0,1,0,0,0,0,0,0,1300,2,769,0,0,18,0,0,0,0,0,0,0,0,0,0,0,0
2234,Tiara,ƒeƒBƒAƒ‰,5,20,0,400,0,0,4,0,0,0,0,0,0,2,0,0,8190,0,769,0,45,19,0,0,0,0,0,0,0,0,0,0,0,0
2235,Crown,ƒNƒ‰ƒEƒ“,5,20,0,400,0,0,4,0,0,0,0,0,0,2,0,0,8190,1,769,0,45,45,0,0,0,0,0,0,0,0,0,0,0,0
2236,Santa's_Hat,ƒTƒ“ƒ^‚Ì‚Ú‚¤‚µ,5,20,0,100,0,0,1,1,0,0,0,0,0,0,0,1,8191,2,769,0,0,20,0,0,0,0,0,0,0,0,0,0,0,0
2237,Weird_Goatee,Š{‚Ğ‚°,5,2,0,100,0,0,0,0,0,0,0,0,0,0,0,0,8191,2,0,0,0,21,0,0,0,0,0,0,0,0,0,0,0,0
2238,Weird_Moustache,Œû‚Ğ‚°,5,2,0,100,0,0,0,0,0,0,0,0,0,0,0,0,8191,2,0,0,0,22,0,0,0,0,0,0,0,0,0,0,0,0
2239,One_Eyed_Glass,•Ğ–ÚŠá‹¾,5,10000,0,100,0,0,0,0,0,0,0,0,0,0,0,0,8191,2,512,0,0,23,0,0,0,0,0,0,0,0,0,0,0,0
2240,Beard,‚Ğ‚°,5,2,0,100,0,0,0,0,0,0,0,0,0,0,0,0,8191,2,0,0,0,24,0,0,0,0,0,0,0,0,0,0,0,0
2241,Granpa_Beard,”’‚Ğ‚°,5,20,0,100,0,0,0,0,0,0,0,0,0,0,0,0,8191,2,1,0,0,25,0,0,0,0,0,0,0,0,0,0,0,0
2242,Luxury_Sunglasses,‚‹‰ƒTƒ“ƒOƒ‰ƒX,5,24000,0,100,0,0,1,0,0,0,0,0,0,0,0,0,8191,2,512,0,0,26,0,0,0,0,0,0,0,0,0,0,0,0
2243,Spinning_Eyes,ƒXƒsƒ“ƒOƒ‰ƒX,5,20000,0,100,0,0,1,0,0,0,0,0,0,0,0,0,8191,2,512,0,0,27,0,0,0,0,0,0,0,0,0,0,0,0
2244,Big_Sis'_Ribbon,‘å‚«‚ÈƒŠƒ{ƒ“,5,15000,0,200,0,0,2,3,0,0,0,0,0,0,0,0,8191,2,769,0,0,28,0,0,0,0,0,0,0,0,0,0,0,0
2245,Sweet_Gents,ƒXƒC[ƒgƒWƒFƒ“ƒgƒ‹,5,15000,0,400,0,0,3,0,0,0,0,0,0,0,0,0,8191,2,769,0,0,29,0,0,0,0,0,0,0,0,0,0,0,0
2246,Golden_Gear,ƒS[ƒ‹ƒfƒ“ƒwƒbƒhƒMƒA,5,20,0,900,0,0,5,0,0,0,0,0,0,0,0,0,8190,2,769,0,40,30,0,0,0,0,0,0,0,0,0,0,0,0
2247,Oldman's_Romance,ƒI[ƒ‹ƒhƒXƒ^[ƒ[ƒ}ƒ“ƒX,5,15000,0,400,0,0,3,0,0,0,0,0,0,0,0,0,8191,2,769,0,0,31,0,0,0,0,0,0,0,0,0,0,0,0
2248,Western_Grace,ƒEƒFƒXƒ^ƒ“ƒOƒŒƒCƒX,5,15000,0,400,0,0,3,0,0,0,0,0,0,0,0,0,8191,2,769,0,0,32,0,0,0,0,0,0,0,0,0,0,0,0
2249,Coronet,ƒRƒƒlƒbƒg,5,20,0,300,0,0,3,0,0,0,0,0,0,1,0,0,8190,2,769,0,0,33,0,0,0,0,0,0,0,0,0,0,0,0
2250,Fillet,ƒwƒAƒoƒ“ƒh,5,500,0,100,0,0,1,0,0,0,0,0,0,0,0,0,8191,2,769,0,0,34,0,0,0,0,0,0,0,0,0,0,0,0
2251,Holy_Bonnet,¹EÒ‚Ì–Xq,5,30000,0,100,0,0,5,3,0,0,0,0,0,0,0,0,1040,2,769,0,0,35,0,0,0,0,0,0,0,0,0,0,0,0
2252,Star_Sparkling,ƒEƒBƒU[ƒhƒnƒbƒg,5,20,0,300,0,0,4,0,0,0,0,0,0,0,0,0,260,2,769,0,0,36,0,0,0,0,0,0,0,0,0,0,0,0
2253,Sunflower,‘•ü—p‚Ğ‚Ü‚í‚è,5,20,0,100,0,0,1,0,0,0,0,0,0,0,0,0,8191,2,769,0,0,37,0,0,0,0,0,0,0,0,0,0,0,0
2254,Angelic_Chain,“Vg‚ÌƒwƒAƒoƒ“ƒh,5,20,0,100,0,0,2,3,0,0,0,1,0,0,0,1,8191,2,769,0,0,38,0,0,0,0,0,0,0,0,0,0,0,0
2255,Satanic_Chain,ˆ«–‚‚ÌƒwƒAƒoƒ“ƒh,5,20,0,100,0,0,3,2,0,0,1,0,0,0,0,0,8191,2,769,0,0,39,0,0,0,0,0,0,0,0,0,0,0,0
2256,Magestic_Goat,ƒ}ƒWƒFƒXƒeƒBƒbƒNƒS[ƒg,5,20,0,800,0,0,5,0,0,0,1,0,0,0,0,0,2210,2,769,0,0,41,0,0,0,0,0,0,0,0,0,0,0,0
2257,Snowy_Horn,^‚Á”’‚¢ƒcƒm,5,20,0,100,0,0,2,0,0,0,0,0,0,0,0,0,8191,2,769,0,0,42,0,0,0,0,0,0,0,0,0,0,0,0
2258,Sharp_Gear,ƒVƒƒ[ƒvƒwƒbƒhƒMƒA,5,20,0,1000,0,0,6,0,0,0,0,0,0,0,0,0,8190,2,769,0,50,43,0,0,0,0,0,0,0,0,0,0,0,0
2259,Mini_Propeller,ƒvƒƒyƒ‰,5,20,0,100,0,0,1,0,0,0,0,0,0,0,0,0,8191,2,769,0,0,46,0,0,0,0,0,0,0,0,0,0,0,0
2260,Mini_Glasses,ƒ~ƒj_ƒOƒ‰ƒX,5,28000,0,100,0,0,1,0,0,0,0,0,0,0,0,0,8191,2,512,0,0,47,0,0,0,0,0,0,0,0,0,0,0,0
2261,Prontera_Army_Cap,ƒvƒƒ“ƒeƒ‰_ŒR–X,5,20,0,400,0,0,4,0,0,0,0,0,0,0,0,0,6890,2,769,0,0,48,0,0,0,0,0,0,0,0,0,0,0,0
2262,Pierrot_Nose,ƒsƒGƒ‚Ì•@,5,20,0,100,0,0,0,0,0,0,0,0,0,0,0,0,8191,2,1,0,0,49,0,0,0,0,0,0,0,0,0,0,0,0
2263,Gangster_Patch,‹`‘¯‚ÌŠá‘Ñ,5,20,0,100,0,0,0,0,0,0,0,0,0,0,0,0,8191,2,512,0,0,50,0,0,0,0,0,0,0,0,0,0,0,0
2264,Munak_Turban,ƒ€ƒiƒN–X,5,20,0,300,0,0,5,0,0,0,0,0,0,0,0,0,8190,2,769,0,0,51,0,0,0,0,0,0,0,0,0,0,0,0
2265,Ganster_Mask,¦ˆĞ—p‚Ìƒ}ƒXƒN,5,20,0,100,0,0,0,0,0,0,0,0,0,0,0,0,8191,2,1,0,0,52,0,0,0,0,0,0,0,0,0,0,0,0
2266,Iron_Cane,ƒAƒCƒAƒ“ƒPƒCƒ“,5,20,0,300,0,0,1,0,0,0,0,0,0,0,0,0,130,2,1,0,50,53,0,0,0,0,0,0,0,0,0,0,0,0
2267,Cigar,ƒ^ƒoƒR,5,20,0,100,0,0,0,0,0,0,0,0,0,0,0,0,8190,2,1,0,0,54,0,0,0,0,0,0,0,0,0,0,0,0
2268,Smoking_Pipe,ƒpƒCƒvƒ^ƒoƒR,5,20,0,100,0,0,0,0,0,0,0,0,0,0,0,0,8191,2,1,0,0,55,0,0,0,0,0,0,0,0,0,0,0,0
2269,Centimental_Flower,‰Ô‚Ñ‚ç,5,20,0,100,0,0,0,0,0,0,0,0,0,0,0,0,8191,2,1,0,0,56,0,0,0,0,0,0,0,0,0,0,0,0
2270,Centimental_Leaf,‘‚Ì—t,5,20,0,100,0,0,0,0,0,0,0,0,0,0,0,0,8191,2,1,0,0,57,0,0,0,0,0,0,0,0,0,0,0,0
2271,Jack_a_Dandy,“ªŠá‹¾,5,45000,0,100,0,0,1,0,0,0,0,0,0,0,0,0,8191,2,769,0,0,58,0,0,0,0,0,0,0,0,0,0,0,0
2272,Stop_Post,’â~•\¦”Â,5,20,0,400,0,0,1,0,0,0,0,0,0,0,0,0,8191,2,769,0,0,59,0,0,0,0,0,0,0,0,0,0,0,0
2273,Doctor_Cap,ˆãÒ‚ÌƒwƒAƒoƒ“ƒh,5,20,0,100,0,0,1,0,0,0,0,0,0,0,0,0,8191,2,769,0,0,60,0,0,0,0,0,0,0,0,0,0,0,0
2274,Ghost_Bandana,–SÒ‚ÌƒwƒAƒoƒ“ƒh,5,20,0,100,0,0,0,0,0,0,0,2,0,0,0,0,8191,2,769,0,0,61,0,0,0,0,0,0,0,0,0,0,0,0
2275,Red_Bandana,ƒoƒ“ƒ_ƒi,5,20,0,100,0,0,2,0,0,0,0,0,0,0,0,0,8191,2,769,0,0,62,0,0,0,0,0,0,0,0,0,0,0,0
2276,Eagle_Eyes,áÉ‚Ş–Ú,5,20,0,100,0,0,1,0,0,0,0,0,0,0,0,0,8191,2,512,0,0,63,0,0,0,0,0,0,0,0,0,0,0,0
2277,Nurse_Cap,ŠÅŒì–X,5,20,0,100,0,0,1,0,0,0,0,0,0,0,0,1,1040,2,769,0,0,64,0,0,0,0,0,0,0,0,0,0,0,0
2278,Mr_Smile,ƒXƒ}ƒCƒ‹,5,8000,0,100,0,0,1,0,0,0,0,0,0,0,0,0,8191,2,513,0,0,65,0,0,0,0,0,0,0,0,0,0,0,0
2279,Bomb_Wick,“±‰Îü,5,20,0,100,0,0,1,0,0,0,0,0,0,0,0,0,8191,2,769,0,0,66,0,0,0,0,0,0,0,0,0,0,0,0
2280,Sahkkat,Š},5,20,0,300,0,0,3,0,0,0,0,1,0,0,0,0,8191,2,769,0,0,67,0,0,0,0,0,0,0,0,0,0,0,0
2281,Phantom_of_Opera,ƒIƒyƒ‰‰¼–Ê,5,20,0,200,0,0,2,0,0,0,0,0,0,0,0,0,8191,2,513,0,0,68,0,0,0,0,0,0,0,0,0,0,0,0
2282,Spirit_Chain,°‚ÌƒŠƒ“ƒO,5,20,0,100,0,0,0,0,0,0,0,0,0,0,0,0,8191,2,769,0,0,69,0,0,0,0,0,0,0,0,0,0,0,0
2283,Ear_Mufs,¨“–‚Ä,5,20,0,200,0,0,3,0,0,0,0,0,0,0,0,0,8191,2,769,0,0,70,0,0,0,0,0,0,0,0,0,0,0,0
2284,Antler,­‚ÌŠp,5,20,0,500,0,0,4,0,0,0,0,0,0,0,0,0,8191,2,769,0,0,71,0,0,0,0,0,0,0,0,0,0,0,0
2285,Apple_Of_Archer,–¼Ëè‚Ì‚è‚ñ‚²,5,20,0,200,0,0,0,0,0,0,0,0,0,0,3,0,8191,2,769,0,30,72,0,0,0,0,0,0,0,0,0,0,0,0
2286,Elven_Ears,—d¸‚Ì¨,5,20,0,100,0,0,0,0,0,0,0,0,0,0,0,0,8191,2,512,0,70,73,0,0,0,0,0,0,0,0,0,0,0,0
2287,Pirate_Bandana,ŠC‘¯‚Ì“ª‹Ğ,5,20,0,100,0,0,1,0,0,0,1,0,0,0,0,0,8191,2,769,0,0,74,0,0,0,0,0,0,0,0,0,0,0,0
2288,Mr_Scream,ƒXƒNƒ‰ƒ`ƒ}ƒXƒN,5,20,0,100,0,0,1,0,0,0,0,0,0,0,0,0,8191,2,513,0,0,75,0,0,0,0,0,0,0,0,0,0,0,0
2289,Poo_Poo_Hat,‚ ‚ê,5,20,0,700,0,0,0,0,0,0,0,0,0,0,0,0,8191,2,769,0,0,76,0,0,0,0,0,0,0,0,0,0,0,0
2290,Funeral_Costume,‘’®—p‚Ì–Xq,5,3000,0,100,0,0,1,0,0,0,0,0,0,0,0,0,8191,2,769,0,0,77,0,0,0,0,0,0,0,0,0,0,0,0
2291,Masquerade,’±‚Ì‰¼–Ê,5,20,0,100,0,0,0,0,0,0,0,0,0,0,0,0,8191,2,512,0,0,78,0,0,0,0,0,0,0,0,0,0,0,0
2292,Welding_Mask,—nÚƒ}ƒXƒN,5,20,0,300,0,0,2,0,0,0,0,0,0,0,0,0,2080,2,513,0,50,79,0,0,0,0,0,0,0,0,0,0,0,0
2293,Pretend_Murdered,‰‰Œ€‚Ì¬“¹‹ï,5,20,0,100,0,0,1,0,0,0,0,0,0,0,0,0,8191,2,769,0,0,80,0,0,0,0,0,0,0,0,0,0,0,0
2294,Star_Dust,ƒXƒ^[ƒ_ƒXƒg,5,20,0,100,0,0,1,0,0,0,0,0,0,0,0,0,8191,2,769,0,0,81,0,0,0,0,0,0,0,0,0,0,0,0
2295,Blinker,–Ú‰B‚µ,5,1500,0,100,0,0,0,0,0,0,0,0,0,0,0,0,8191,2,512,0,0,82,0,0,0,0,0,0,0,0,0,0,0,0
2296,Binoculars,–]‰“‹¾,5,20,0,100,0,0,1,0,0,0,0,0,0,0,1,0,520,2,512,0,50,83,0,0,0,0,0,0,0,0,0,0,0,0
2297,Goblini_Mask,ƒSƒuƒŠƒ“‘°‚Ì‰¼–Ê,5,20,0,100,0,0,1,0,0,0,0,0,0,0,0,0,8191,2,513,0,0,84,0,0,0,0,0,0,0,0,0,0,0,0
2298,Green_Feeler,—Î‚Ìæ\Šp,5,20,0,100,0,0,2,0,0,0,0,0,0,0,0,0,8191,2,769,0,0,85,0,0,0,0,0,0,0,0,0,0,0,0
2299,Viking_Helm,ƒI[ƒN‘°‚Ìƒwƒ‹ƒ€,5,20,0,500,0,0,5,0,0,0,0,0,0,0,0,0,6370,2,769,0,0,86,0,0,0,0,0,0,0,0,0,0,0,0
2301,Cotton_Shirt,ƒRƒbƒgƒ“ƒVƒƒƒc,5,10,0,100,0,0,1,0,0,0,0,0,0,0,0,0,8191,2,16,0,0,0,0,0,0,0,0,0,0,0,0,0,0,0
2302,Cotton_Shirt_,ƒRƒbƒgƒ“ƒVƒƒƒc,5,10,0,100,0,0,1,0,0,1,0,0,0,0,0,0,8191,2,16,0,0,0,0,0,0,0,0,0,0,0,0,0,0,0
2303,Leather_Jacket,ƒŒƒU[ƒWƒƒƒPƒbƒg,5,200,0,200,0,0,2,0,0,0,0,0,0,0,0,0,8191,2,16,0,0,0,0,0,0,0,0,0,0,0,0,0,0,0
2304,Leather_Jacket_,ƒU[ƒWƒƒƒPƒbƒg,5,200,0,200,0,0,2,0,0,1,0,0,0,0,0,0,8191,2,16,0,0,0,0,0,0,0,0,0,0,0,0,0,0,0
2305,Adventure_Suit,ƒAƒhƒxƒ“ƒ`ƒƒ[ƒX[ƒc,5,1000,0,300,0,0,3,0,0,0,0,0,0,0,0,0,8191,2,16,0,0,0,0,0,0,0,0,0,0,0,0,0,0,0
2306,Adventurere's_Suit_,ƒAƒhƒxƒ“ƒ`ƒƒ[ƒX[ƒc,5,1000,0,300,0,0,3,0,0,1,0,0,0,0,0,0,8191,2,16,0,0,0,0,0,0,0,0,0,0,0,0,0,0,0
2307,Mantle,ƒƒ“ƒgƒ‹,5,10000,0,600,0,0,4,0,0,0,0,0,0,0,0,0,6890,2,16,0,0,0,0,0,0,0,0,0,0,0,0,0,0,0
2308,Mantle_,ƒƒ“ƒgƒ‹,5,10000,0,600,0,0,4,0,0,1,0,0,0,0,0,0,6890,2,16,0,0,0,0,0,0,0,0,0,0,0,0,0,0,0
2309,Coat,ƒƒ“ƒOƒR[ƒg,5,22000,0,1200,0,0,5,0,0,0,0,0,0,0,0,0,6890,2,16,0,0,0,0,0,0,0,0,0,0,0,0,0,0,0
2310,Coat_,ƒƒ“ƒOƒR[ƒg,5,22000,0,1200,0,0,5,0,0,1,0,0,0,0,0,0,6890,2,16,0,0,0,0,0,0,0,0,0,0,0,0,0,0,0
2311,Mink_Coat,ƒ~ƒ“ƒN‚ÌƒR[ƒg,5,500000,0,2300,0,0,6,0,0,1,0,0,0,0,0,0,8190,2,16,0,30,0,0,0,0,0,0,0,0,0,0,0,0,0
2312,Padded_Armor,ƒA[ƒ}[,5,48000,0,2800,0,0,7,0,0,0,0,0,0,0,0,0,6370,2,16,0,0,0,0,0,0,0,0,0,0,0,0,0,0,0
2313,Padded_Armor_,ƒA[ƒ}[,5,48000,0,2800,0,0,7,0,0,1,0,0,0,0,0,0,6370,2,16,0,0,0,0,0,0,0,0,0,0,0,0,0,0,0
2314,Chain_Mail,ƒƒCƒ‹,5,65000,0,3300,0,0,8,0,0,0,0,0,0,0,0,0,6370,2,16,0,0,0,0,0,0,0,0,0,0,0,0,0,0,0
2315,Chain_Mail_,ƒƒCƒ‹,5,65000,0,3300,0,0,8,0,0,1,0,0,0,0,0,0,6370,2,16,0,0,0,0,0,0,0,0,0,0,0,0,0,0,0
2316,Plate_Armor,ƒvƒŒ[ƒg,5,80000,0,4500,0,0,10,0,0,0,0,0,0,0,0,0,130,2,16,0,40,0,0,0,0,0,0,0,0,0,0,0,0,0
2317,Plate_Armor_,ƒvƒŒ[ƒg,5,80000,0,4500,0,0,10,0,0,1,0,0,0,0,0,0,130,2,16,0,40,0,0,0,0,0,0,0,0,0,0,0,0,0
2318,Clothes_of_the_Lord,ƒƒbƒhƒNƒ‹ƒ[ƒX,5,20,0,2500,0,0,8,5,0,1,0,0,0,1,0,0,2080,2,16,0,70,0,0,0,0,0,0,0,0,0,0,0,0,0
2319,Glittering_Clothes,ƒOƒŠƒbƒ^ƒŠƒ“ƒOƒNƒ‹ƒ[ƒX,5,20,0,2500,0,0,7,0,0,1,0,0,0,0,0,0,2080,2,16,0,60,0,0,0,0,0,0,0,0,0,0,0,0,0
2320,Formal_Suit,ƒtƒHƒ}ƒ‹ƒhƒŒƒX,5,20,0,300,0,0,5,0,0,1,0,0,0,0,0,0,8190,2,16,0,0,0,0,0,0,0,0,0,0,0,0,0,0,0
2321,Silk_Robe,ƒVƒ‹ƒNƒ[ƒu,5,8000,0,400,0,0,3,10,0,0,0,0,0,0,0,0,8190,2,16,0,0,0,0,0,0,0,0,0,0,0,0,0,0,0
2322,Silk_Robe_,ƒVƒ‹ƒNƒ[ƒu,5,8000,0,400,0,0,3,10,0,1,0,0,0,0,0,0,8190,2,16,0,0,0,0,0,0,0,0,0,0,0,0,0,0,0
2323,Scapulare,ƒXƒP[ƒsƒ…[ƒ‰,5,6500,0,400,0,0,4,0,0,0,0,0,0,0,0,0,1040,2,16,0,0,0,0,0,0,0,0,0,0,0,0,0,0,0
2324,Scapulare_,ƒXƒP[ƒsƒ…[ƒ‰,5,6500,0,400,0,0,4,0,0,1,0,0,0,0,0,0,1040,2,16,0,0,0,0,0,0,0,0,0,0,0,0,0,0,0
2325,Saint_Robe,ƒZƒCƒ“ƒgƒ[ƒu,5,54000,0,600,0,0,6,5,0,0,0,0,0,0,0,0,3250,2,16,0,0,0,0,0,0,0,0,0,0,0,0,0,0,0
2326,Saint_Robe_,ƒZƒCƒ“ƒgƒ[ƒu,5,54000,0,600,0,0,6,5,0,1,0,0,0,0,0,0,3250,2,16,0,0,0,0,0,0,0,0,0,0,0,0,0,0,0
2327,Holy_Robe,ƒz[ƒŠƒ[ƒu,5,20,0,1700,0,0,7,5,0,0,0,0,0,0,0,0,1040,2,16,0,60,0,0,0,0,0,0,0,0,0,0,0,0,0
2328,Wooden_Mail,ƒE[ƒhƒ“ƒƒCƒ‹,5,5500,0,1000,0,0,4,0,0,0,0,0,0,0,0,0,2210,2,16,0,0,0,0,0,0,0,0,0,0,0,0,0,0,0
2329,Wooden_Mail_,ƒE[ƒhƒ“ƒƒCƒ‹,5,5500,0,1000,0,0,4,0,0,1,0,0,0,0,0,0,2210,2,16,0,0,0,0,0,0,0,0,0,0,0,0,0,0,0
2330,Tights,ƒ^ƒCƒc,5,71000,0,500,0,0,6,0,0,0,0,0,0,0,1,0,520,2,16,0,45,0,0,0,0,0,0,0,0,0,0,0,0,0
2331,Tights_,ƒ^ƒCƒc,5,71000,0,500,0,0,6,0,0,1,0,0,0,0,1,0,520,2,16,0,45,0,0,0,0,0,0,0,0,0,0,0,0,0
2332,Silver_Robe,ƒVƒ‹ƒo[ƒ[ƒu,5,7000,0,700,0,0,4,0,0,0,0,0,0,0,0,0,260,2,16,0,0,0,0,0,0,0,0,0,0,0,0,0,0,0
2333,Silver_Robe_,ƒVƒ‹ƒo[ƒ[ƒu,5,7000,0,700,0,0,4,0,0,1,0,0,0,0,0,0,260,2,16,0,0,0,0,0,0,0,0,0,0,0,0,0,0,0
2334,Mage_Coat,ƒ}ƒWƒbƒNƒR[ƒg,5,20,0,600,0,0,5,0,0,0,0,0,0,1,0,0,260,2,16,0,50,0,0,0,0,0,0,0,0,0,0,0,0,0
2335,Thief_Clothes,ƒV[ƒtƒNƒ[ƒX,5,74000,0,100,0,0,6,0,0,0,0,1,0,0,0,0,4160,2,16,0,0,0,0,0,0,0,0,0,0,0,0,0,0,0
2336,Thief_Clothes_,ƒV[ƒtƒNƒ[ƒX,5,74000,0,100,0,0,6,0,0,1,0,1,0,0,0,0,4160,2,16,0,0,0,0,0,0,0,0,0,0,0,0,0,0,0
2337,Ninja_Suit,”EÒƒX|ƒc,5,20,0,1500,0,0,7,0,0,0,0,1,0,0,0,0,4160,2,16,0,50,0,0,0,0,0,0,0,0,0,0,0,0,0
2338,Wedding_Dress,ƒEƒFƒfƒBƒ“ƒOƒhƒŒƒX,5,43000,0,500,0,0,0,15,0,0,0,0,0,0,0,0,8190,2,16,0,0,0,0,0,0,0,0,0,0,0,0,0,0,0
2339,G_Strings,ƒuƒŠ[ƒt,5,1000,0,100,0,0,4,0,0,0,0,0,0,0,0,0,8191,2,16,0,0,0,0,0,0,0,0,0,0,0,0,0,0,0
2401,Sandals,ƒTƒ“ƒ_ƒ‹,5,400,0,200,0,0,1,0,0,0,0,0,0,0,0,0,8191,2,64,0,0,0,0,0,0,0,0,0,0,0,0,0,0,0
2402,Sandals_,ƒTƒ“ƒ_ƒ‹,5,400,0,200,0,0,1,0,0,1,0,0,0,0,0,0,8191,2,64,0,0,0,0,0,0,0,0,0,0,0,0,0,0,0
2403,Shoes,ƒVƒ…[ƒY,5,3500,0,400,0,0,2,0,0,0,0,0,0,0,0,0,8190,2,64,0,0,0,0,0,0,0,0,0,0,0,0,0,0,0
2404,Shoes_,ƒVƒ…[ƒY,5,3500,0,400,0,0,2,0,0,1,0,0,0,0,0,0,8190,2,64,0,0,0,0,0,0,0,0,0,0,0,0,0,0,0
2405,Boots,ƒu[ƒc,5,18000,0,600,0,0,4,0,0,0,0,0,0,0,0,0,6890,2,64,0,0,0,0,0,0,0,0,0,0,0,0,0,0,0
2406,Boots_,ƒu[ƒc,5,18000,0,600,0,0,4,0,0,1,0,0,0,0,0,0,6890,2,64,0,0,0,0,0,0,0,0,0,0,0,0,0,0,0
2407,Chrystal_Pumps,ƒKƒ‰ƒX‚ÌŒC,5,20,0,100,0,0,0,10,0,0,0,0,0,0,0,5,8190,0,64,0,0,0,0,0,0,0,0,0,0,0,0,0,0,0
2408,Cuffs,‘«½,5,5000,0,3000,0,0,3,0,0,0,0,0,0,0,0,0,8191,2,64,0,0,0,0,0,0,0,0,0,0,0,0,0,0,0
2409,Spiky_Heel,ƒnƒCƒq[ƒ‹,5,8500,0,600,0,0,2,5,0,0,0,0,0,0,0,0,6890,2,64,0,0,0,0,0,0,0,0,0,0,0,0,0,0,0
2501,Hood,ƒt[ƒh,5,1000,0,200,0,0,1,0,0,0,0,0,0,0,0,0,8191,2,4,0,0,0,0,0,0,0,0,0,0,0,0,0,0,0
2502,Hood_,ƒt[ƒh,5,1000,0,200,0,0,1,0,0,1,0,0,0,0,0,0,8191,2,4,0,0,0,0,0,0,0,0,0,0,0,0,0,0,0
2503,Muffler,ƒ}ƒtƒ‰[,5,5000,0,400,0,0,2,0,0,0,0,0,0,0,0,0,8190,2,4,0,0,0,0,0,0,0,0,0,0,0,0,0,0,0
2504,Muffler_,ƒ}ƒtƒ‰[,5,5000,0,400,0,0,2,0,0,1,0,0,0,0,0,0,8190,2,4,0,0,0,0,0,0,0,0,0,0,0,0,0,0,0
2505,Manteau,ƒ}ƒ“ƒg,5,32000,0,600,0,0,4,0,0,0,0,0,0,0,0,0,6370,2,4,0,0,0,0,0,0,0,0,0,0,0,0,0,0,0
2506,Manteau_,ƒ}ƒ“ƒg,5,32000,0,600,0,0,4,0,0,1,0,0,0,0,0,0,6370,2,4,0,0,0,0,0,0,0,0,0,0,0,0,0,0,0
2507,Cape_Of_Ancient_Lord,Ì‚Ì—Ìå‚Ìƒ}ƒ“ƒg,5,20,0,600,0,0,2,0,0,0,0,1,0,0,0,0,8190,2,4,0,40,0,0,0,0,0,0,0,0,0,0,0,0,0
2508,Ragamuffin_Cape,‚Ú‚ë_ƒ}ƒ“ƒg,5,20,0,500,0,0,1,10,0,0,0,0,0,0,0,0,8190,2,4,0,0,0,0,0,0,0,0,0,0,0,0,0,0,0
2601,Ring,ƒŠƒ“ƒO,5,30000,0,100,0,0,0,0,0,0,2,0,0,0,0,0,8190,2,136,0,20,0,0,0,0,0,0,0,0,0,0,0,0,0
2602,Earring,ƒCƒ„ƒŠƒ“ƒO,5,30000,0,100,0,0,0,0,0,0,0,0,0,2,0,0,8190,2,136,0,20,0,0,0,0,0,0,0,0,0,0,0,0,0
2603,Necklace,ƒlƒbƒNƒŒƒX,5,30000,0,100,0,0,0,0,0,0,0,0,2,0,0,0,8190,2,136,0,20,0,0,0,0,0,0,0,0,0,0,0,0,0
2604,Glove,ƒOƒ[ƒu,5,30000,0,100,0,0,0,0,0,0,0,0,0,0,2,0,8190,2,136,0,20,0,0,0,0,0,0,0,0,0,0,0,0,0
2605,Brooch,ƒuƒ[ƒ`,5,30000,0,100,0,0,0,0,0,0,0,2,0,0,0,0,8190,2,136,0,20,0,0,0,0,0,0,0,0,0,0,0,0,0
2607,Clip,ƒNƒŠƒbƒv,5,30000,0,100,0,0,0,0,0,1,0,0,0,0,0,0,8190,2,136,0,0,0,0,0,0,0,0,0,0,0,0,0,0,0
2608,Rosary,ƒƒUƒŠ[,5,15000,0,100,0,0,0,5,0,0,0,0,0,0,0,2,8190,2,136,0,20,0,0,0,0,0,0,0,0,0,0,0,0,0
2609,Skul_Ring,Š[œ‚Ìw—Ö,5,10000,0,100,0,0,0,0,0,0,0,0,0,0,0,0,8191,2,136,0,0,0,0,0,0,0,0,0,0,0,0,0,0,0
2610,Gold_Ring,‹à‚Ìw—Ö,5,30000,0,100,0,0,0,0,0,0,0,0,0,0,0,0,8191,2,136,0,0,0,0,0,0,0,0,0,0,0,0,0,0,0
2611,Silver_Ring,‹â‚Ìw—Ö,5,20000,0,100,0,0,0,0,0,0,0,0,0,0,0,0,8191,2,136,0,0,0,0,0,0,0,0,0,0,0,0,0,0,0
2612,Flower_Ring,‰Ô‚Ìw—Ö,5,1500,0,100,0,0,0,0,0,0,0,0,0,0,0,0,8191,2,136,0,0,0,0,0,0,0,0,0,0,0,0,0,0,0
2613,Diamond_Ring,ƒ_ƒCƒ„‚Ìw—Ö,5,45000,0,100,0,0,0,0,0,0,0,0,0,0,0,0,8191,2,136,0,0,0,0,0,0,0,0,0,0,0,0,0,0,0
2614,an_Eye_of_Dullahan,ƒfƒ…ƒ‰ƒnƒ“ƒAƒC,5,90000,0,100,0,0,0,0,0,0,0,0,0,0,0,0,8190,2,136,0,50,0,0,0,0,0,0,0,0,0,0,0,0,0
2615,Safety_Ring,ƒZƒCƒtƒeƒBƒŠƒ“ƒO,5,75000,0,100,0,0,5,0,0,0,0,0,0,0,0,0,8190,2,136,0,40,0,0,0,0,0,0,0,0,0,0,0,0,0
2616,Critical_Ring,ƒNƒŠƒeƒBƒJƒ‹ƒŠƒ“ƒO,5,75000,0,100,0,0,0,0,0,0,0,0,0,0,0,0,8190,2,136,0,40,0,0,0,0,0,0,0,0,0,0,0,0,0
2617,Mitten_of_Presbyter,_Š¯‚Ìè‘Ü,5,2,0,100,0,0,1,0,0,0,0,0,0,1,0,0,8190,2,136,0,35,0,0,0,0,0,0,0,0,0,0,0,0,0
2618,Matyr's_Flea_Guard,ƒ}ƒ^‚Ìñ—Ö,5,2,0,100,0,0,1,0,0,0,0,1,0,0,0,0,8190,2,136,0,35,0,0,0,0,0,0,0,0,0,0,0,0,0
2619,Thimble_Of_Archer,‹|—p‚ÌwŠÑ,5,10000,0,100,0,0,0,0,0,0,0,0,0,0,0,0,520,2,136,0,65,0,0,0,0,0,0,0,0,0,0,0,0,0
2620,Ring_Of_Rogue,“‘¯‚Ìw—Ö,5,10000,0,100,0,0,0,0,0,0,0,0,0,0,0,0,4160,2,136,0,70,0,0,0,0,0,0,0,0,0,0,0,0,0
2621,Ring,ƒŠƒ“ƒO,5,30000,0,100,0,0,0,0,0,1,2,0,0,0,0,0,8190,2,136,0,20,0,0,0,0,0,0,0,0,0,0,0,0,0
2622,Earring,ƒCƒ„ƒŠƒ“ƒO,5,0,0,0,0,0,0,0,0,1,0,0,0,2,0,0,8190,2,136,0,20,0,0,0,0,0,0,0,0,0,0,0,0,0
2623,Necklace,ƒlƒbƒNƒŒƒX,5,0,0,0,0,0,0,0,0,1,0,0,2,0,0,0,8190,2,136,0,20,0,0,0,0,0,0,0,0,0,0,0,0,0
2624,Glove,ƒOƒ[ƒu,5,0,0,0,0,0,0,0,0,1,0,0,0,0,2,0,8190,2,136,0,20,0,0,0,0,0,0,0,0,0,0,0,0,0
2625,Brooch,ƒuƒ[ƒ`,5,0,0,0,0,0,0,0,0,1,0,2,0,0,0,0,8190,2,136,0,20,0,0,0,0,0,0,0,0,0,0,0,0,0
2626,Loazario,ƒƒUƒŠƒI,5,0,0,0,0,0,0,0,0,1,0,0,0,0,0,2,8190,2,136,0,20,0,0,0,0,0,0,0,0,0,0,0,0,0
2627,Belt,ƒxƒ‹ƒg,5,0,0,0,0,0,0,0,0,1,0,0,0,0,1,0,8190,2,136,0,20,0,0,0,0,0,0,0,0,0,0,0,0,0
2628,Novis_Amulet,ƒmƒrƒX_ƒAƒ~ƒ…ƒŒƒbƒg,5,0,0,0,0,0,0,0,0,1,1,0,0,1,0,1,8190,2,136,0,20,0,0,0,0,0,0,0,0,0,0,0,0,0
5001,Headset,ƒwƒbƒhƒtƒHƒ“,5,20,0,200,0,0,3,0,0,0,0,0,0,0,0,0,8191,2,769,0,0,87,0,0,0,0,0,0,0,0,0,0,0,0
5002,Gemmed_Crown,ƒWƒ…ƒGƒ‹ƒNƒ‰ƒEƒ“,5,20,0,600,0,0,4,3,0,0,0,0,0,2,0,1,2210,2,769,0,60,88,0,0,0,0,0,0,0,0,0,0,0,0
5003,Joker_Jester,ƒsƒGƒ‚Ì–Xq,5,20,0,100,0,0,1,5,0,0,0,0,0,0,0,2,8191,2,769,0,0,89,0,0,0,0,0,0,0,0,0,0,0,0
5004,Oxygen_Mask,_‘fƒ}ƒXƒN,5,20,0,200,0,0,0,0,0,0,0,0,0,0,0,0,8191,2,1,0,0,90,0,0,0,0,0,0,0,0,0,0,0,0
5005,Gas_Mask,ƒKƒXƒ}ƒXƒN,5,20,0,100,0,0,1,0,0,0,0,0,0,0,0,0,8191,2,513,0,0,91,0,0,0,0,0,0,0,0,0,0,0,0
5006,Machoman_Glasses,ƒn[ƒgƒtƒ@ƒ“ƒf[ƒVƒ‡ƒ“,5,36000,0,100,0,0,1,0,0,0,0,0,0,0,0,0,8191,2,512,0,0,92,0,0,0,0,0,0,0,0,0,0,0,0
5007,Loard_Circlet,ƒ[ƒhƒTƒNƒŒƒbƒg,5,20,0,200,0,0,3,4,0,0,1,0,0,1,0,1,8191,2,769,0,55,93,0,0,0,0,0,0,0,0,0,0,0,0
5008,Puppy_Love,‰¼‰‚ß‚Ì—ö,5,20,0,100,0,0,1,0,0,0,0,0,0,0,0,0,8191,2,769,0,0,94,0,0,0,0,0,0,0,0,0,0,0,0
5009,Safety_Helmet,H––X,5,20,0,500,0,0,3,3,0,0,0,0,0,0,0,0,8191,2,769,0,0,95,0,0,0,0,0,0,0,0,0,0,0,0
5010,Indian_Hair_Piece,ƒCƒ“ƒfƒBƒAƒ“‚ÌƒwƒAƒoƒ“ƒh,5,20,0,100,0,0,3,0,0,0,0,0,0,0,0,0,8191,2,769,0,0,96,0,0,0,0,0,0,0,0,0,0,0,0
5011,Antenna,ƒAƒ“ƒeƒi,5,20,0,100,0,0,3,0,0,0,0,0,0,0,0,0,8191,2,769,0,0,97,0,0,0,0,0,0,0,0,0,0,0,0
5012,Ph.D_Hat,ŠwÒ–X,5,20,0,200,0,0,3,3,0,0,0,0,0,0,0,0,8191,2,769,0,0,98,0,0,0,0,0,0,0,0,0,0,0,0
5013,Horn_Of_Lord_Kaho,ƒ[ƒhƒJƒz‚ÌŠp,5,20,0,100,0,0,5,0,0,0,5,10,10,5,0,20,8191,2,769,0,0,99,0,0,0,0,0,0,0,0,0,0,0,0
5014,Fin_Helm,‚¦‚çƒwƒ‹ƒ€,5,20,0,300,0,0,2,0,0,0,0,0,0,0,0,0,130,2,512,0,65,100,0,0,0,0,0,0,0,0,0,0,0,0
5015,Egg_Shell,‘•ü—p—‘Šk,5,20,0,200,0,0,3,0,0,0,0,0,0,0,0,0,8191,2,769,0,0,101,0,0,0,0,0,0,0,0,0,0,0,0
5016,Boy's_Cap,Šw¶–X,5,20,0,100,0,0,2,0,0,0,0,0,0,0,0,0,8191,2,769,0,0,102,0,0,0,0,0,0,0,0,0,0,0,0
5017,Bone_Helm,ƒ{[ƒ“ƒwƒ‹ƒ€,5,20,0,800,0,0,7,0,0,0,0,0,0,0,0,0,2210,2,769,0,70,103,0,0,0,0,0,0,0,0,0,0,0,0
5018,Feather_Bonnet,‰H–Ñ–Xq,5,20,0,300,0,0,4,0,0,0,0,1,0,0,0,0,520,2,769,0,0,104,0,0,0,0,0,0,0,0,0,0,0,0
5019,Corsair,ƒRƒ‹ƒZƒA,5,20,0,500,0,0,5,0,0,0,0,0,1,0,0,0,8191,2,769,0,0,105,0,0,0,0,0,0,0,0,0,0,0,0