2101,Guard,Guard,5,500,0,300,0,0,2,0,0,0,0,0,0,0,0,0,8191,2,32,0,0,1,0,0,0,0,0,0,0,0,0,0,0,0
2102,Guard,Guard,5,500,0,300,0,0,2,0,0,1,0,0,0,0,0,0,8191,2,32,0,0,1,0,0,0,0,0,0,0,0,0,0,0,0
2103,Buckler,Buckler,5,14000,0,600,0,0,4,0,0,0,0,0,0,0,0,0,7410,2,32,0,0,2,0,0,0,0,0,0,0,0,0,0,0,0
2104,Buckler,Buckler,5,14000,0,600,0,0,4,0,0,1,0,0,0,0,0,0,7410,2,32,0,0,2,0,0,0,0,0,0,0,0,0,0,0,0
2105,Shield,Shield,5,56000,0,1300,0,0,6,0,0,0,0,0,0,0,0,0,130,2,32,0,0,3,0,0,0,0,0,0,0,0,0,0,0,0
2106,Shield,Shield,5,56000,0,1300,0,0,6,0,0,1,0,0,0,0,0,0,130,2,32,0,0,3,0,0,0,0,0,0,0,0,0,0,0,0
2107,Mirror_Shield,Mirror_Shield,5,60000,0,1000,0,0,4,5,0,0,0,0,0,0,0,0,130,2,32,0,0,4,0,0,0,0,0,0,0,0,0,0,0,0
2108,Mirror_Shield,Mirror_Shield,5,60000,0,1000,0,0,4,5,0,1,0,0,0,0,0,0,130,2,32,0,0,4,0,0,0,0,0,0,0,0,0,0,0,0
2201,Sunglasses,Sunglasses,5,5000,0,100,0,0,0,0,0,0,0,0,0,0,0,0,8191,2,512,0,0,12,0,0,0,0,0,0,0,0,0,0,0,0
2202,Sunglasses,Sunglasses,5,5000,0,100,0,0,0,0,0,1,0,0,0,0,0,0,8191,2,512,0,0,12,0,0,0,0,0,0,0,0,0,0,0,0
2203,Glasses,Glasses,5,4000,0,100,0,0,0,0,0,0,0,0,0,0,0,0,8191,2,512,0,0,3,0,0,0,0,0,0,0,0,0,0,0,0
2204,Glasses,Glasses,5,4000,0,100,0,0,0,0,0,1,0,0,0,0,0,0,8191,2,512,0,0,3,0,0,0,0,0,0,0,0,0,0,0,0
2205,Diver_Goggles,Diver_Goggles,5,3500,0,100,0,0,0,0,0,0,0,0,0,0,0,0,8191,2,512,0,0,10,0,0,0,0,0,0,0,0,0,0,0,0
2206,Wedding_Veil,Wedding_Veil,5,23000,0,100,0,0,0,5,0,0,0,0,0,0,0,0,8191,0,256,0,0,44,0,0,0,0,0,0,0,0,0,0,0,0
2207,Fancy_Flower,Fancy_Flower,5,20,0,100,0,0,0,0,0,0,0,0,0,0,0,0,8191,2,256,0,0,4,0,0,0,0,0,0,0,0,0,0,0,0
2208,Ribbon,Ribbon,5,800,0,100,0,0,1,3,0,0,0,0,0,0,0,0,8191,0,256,0,0,17,0,0,0,0,0,0,0,0,0,0,0,0
2209,Ribbon,Ribbon,5,800,0,100,0,0,1,3,0,1,0,0,0,0,0,0,8191,0,256,0,0,17,0,0,0,0,0,0,0,0,0,0,0,0
2210,Hair_Band,Hair_Band,5,500,0,100,0,0,1,0,0,0,0,0,0,0,0,0,8191,2,256,0,0,9,0,0,0,0,0,0,0,0,0,0,0,0
2211,Bandana,Bandana,5,400,0,100,0,0,1,0,0,0,0,0,0,0,0,0,8191,2,256,0,0,6,0,0,0,0,0,0,0,0,0,0,0,0
2212,Eye_Patch,Eye_Patch,5,1000,0,100,0,0,0,0,0,0,0,0,0,0,0,0,8191,2,512,0,0,13,0,0,0,0,0,0,0,0,0,0,0,0
2213,Kitty_Band,Kitty_Band,5,20,0,100,0,0,2,0,0,0,0,0,0,0,0,0,8191,2,256,0,0,2,0,0,0,0,0,0,0,0,0,0,0,0
2214,Bunny_Band,Bunny_Band,5,20,0,100,0,0,2,0,0,0,0,0,0,0,0,2,8191,2,256,0,0,15,0,0,0,0,0,0,0,0,0,0,0,0
2215,Flower_Band,Flower_Band,5,20,0,100,0,0,2,0,0,0,0,0,0,0,0,0,8191,2,256,0,0,5,0,0,0,0,0,0,0,0,0,0,0,0
2216,Biretta,Biretta,5,9000,0,100,0,0,4,0,0,0,0,0,0,0,0,0,1040,2,256,0,0,11,0,0,0,0,0,0,0,0,0,0,0,0
2217,Biretta,Biretta,5,9000,0,100,0,0,4,0,0,1,0,0,0,0,0,0,1040,2,256,0,0,11,0,0,0,0,0,0,0,0,0,0,0,0
2218,Flu_Mask,Flu_Mask,5,300,0,100,0,0,0,0,0,0,0,0,0,0,0,0,8191,2,1,0,0,8,0,0,0,0,0,0,0,0,0,0,0,0
2219,Flu_Mask,Flu_Mask,5,300,0,100,0,0,0,0,0,0,0,0,0,0,0,0,8191,2,1,0,0,8,0,0,0,0,0,0,0,0,0,0,0,0
2220,Hat,Hat,5,1000,0,200,0,0,2,0,0,0,0,0,0,0,0,0,8191,2,256,0,0,16,0,0,0,0,0,0,0,0,0,0,0,0
2221,Hat,Hat,5,1000,0,200,0,0,2,0,0,1,0,0,0,0,0,0,8191,2,256,0,0,16,0,0,0,0,0,0,0,0,0,0,0,0
2222,Turban,Turban,5,4500,0,300,0,0,3,0,0,0,0,0,0,0,0,0,8191,2,256,0,0,7,0,0,0,0,0,0,0,0,0,0,0,0
2223,Turban,Turban,5,4500,0,300,0,0,3,0,0,1,0,0,0,0,0,0,8191,2,256,0,0,7,0,0,0,0,0,0,0,0,0,0,0,0
2226,Cap,Cap,5,12000,0,400,0,0,4,0,0,0,0,0,0,0,0,0,6890,2,256,0,0,14,0,0,0,0,0,0,0,0,0,0,0,0
2227,Cap,Cap,5,12000,0,400,0,0,4,0,0,1,0,0,0,0,0,0,6890,2,256,0,0,14,0,0,0,0,0,0,0,0,0,0,0,0
2228,Helm,Helm,5,44000,0,600,0,0,6,0,0,0,0,0,0,0,0,0,130,2,256,0,0,40,0,0,0,0,0,0,0,0,0,0,0,0
2229,Helm,Helm,5,44000,0,600,0,0,6,0,0,1,0,0,0,0,0,0,130,2,256,0,0,40,0,0,0,0,0,0,0,0,0,0,0,0
2230,Gemmed_Sallet,Gemmed_Sallet,5,50000,0,500,0,0,4,3,0,0,0,0,0,0,0,0,6370,2,256,0,0,0,0,0,0,0,0,0,0,0,0,0,0,0
2231,Gemmed_Sallet,Gemmed_Sallet,5,50000,0,500,0,0,4,3,0,1,0,0,0,0,0,0,6370,2,256,0,0,0,0,0,0,0,0,0,0,0,0,0,0,0
2232,Circlet,Circlet,5,7500,0,300,0,0,3,3,0,0,0,0,0,0,0,0,1300,2,256,0,0,18,0,0,0,0,0,0,0,0,0,0,0,0
2233,Circlet,Circlet,5,7500,0,300,0,0,3,3,0,1,0,0,0,0,0,0,1300,2,256,0,0,18,0,0,0,0,0,0,0,0,0,0,0,0
2234,Tiara,Tiara,5,20,0,400,0,0,4,0,0,0,0,0,0,2,0,0,8190,0,256,0,45,19,0,0,0,0,0,0,0,0,0,0,0,0
2235,Crown,Crown,5,20,0,400,0,0,4,0,0,0,0,0,0,2,0,0,8190,1,256,0,45,45,0,0,0,0,0,0,0,0,0,0,0,0
2236,Santa_Hat,Santa_Hat,5,20,0,100,0,0,1,1,0,0,0,0,0,0,0,1,8191,2,256,0,0,20,0,0,0,0,0,0,0,0,0,0,0,0
2237,Bandit_Beard,Bandit_Beard,5,2,0,100,0,0,0,0,0,0,0,0,0,0,0,0,8191,2,0,0,0,21,0,0,0,0,0,0,0,0,0,0,0,0
2238,Moustache,Moustache,5,2,0,100,0,0,0,0,0,0,0,0,0,0,0,0,8191,2,0,0,0,22,0,0,0,0,0,0,0,0,0,0,0,0 //Doesn't Work
2239,Single_Glass,Single_Glass,5,10000,0,100,0,0,0,0,0,0,0,0,0,0,0,0,8191,2,512,0,0,23,0,0,0,0,0,0,0,0,0,0,0,0
2240,Beard,Beard,5,2,0,100,0,0,0,0,0,0,0,0,0,0,0,0,8191,2,0,0,0,24,0,0,0,0,0,0,0,0,0,0,0,0 //Doesn't work
2241,Grampa_Beard,Grampa_Beard,5,20,0,100,0,0,0,0,0,0,0,0,0,0,0,0,8191,2,1,0,0,25,0,0,0,0,0,0,0,0,0,0,0,0
2242,Purple_Glasses,Purple_Glasses,5,24000,0,100,0,0,1,0,0,0,0,0,0,0,0,0,8191,2,512,0,0,26,0,0,0,0,0,0,0,0,0,0,0,0
2243,Geek_Glasses,Geek_Glasses,5,20000,0,100,0,0,1,0,0,0,0,0,0,0,0,0,8191,2,512,0,0,27,0,0,0,0,0,0,0,0,0,0,0,0
2244,Big_Ribbon,Big_Ribbon,5,15000,0,200,0,0,2,3,0,0,0,0,0,0,0,0,8191,2,256,0,0,28,0,0,0,0,0,0,0,0,0,0,0,0
2245,Sweet_Gent,Sweet_Gent,5,15000,0,400,0,0,3,0,0,0,0,0,0,0,0,0,8191,2,256,0,0,29,0,0,0,0,0,0,0,0,0,0,0,0
2246,Golden_Gear,Golden_Gear,5,20,0,900,0,0,5,0,0,0,0,0,0,0,0,0,8190,2,256,0,40,30,0,0,0,0,0,0,0,0,0,0,0,0
2247,Romantic_Gent,Romantic_Gent,5,15000,0,400,0,0,3,0,0,0,0,0,0,0,0,0,8191,2,256,0,0,31,0,0,0,0,0,0,0,0,0,0,0,0
2248,Western_Grace,Western_Grace,5,15000,0,400,0,0,3,0,0,0,0,0,0,0,0,0,8191,2,256,0,0,32,0,0,0,0,0,0,0,0,0,0,0,0
2249,Coronet,Coronet,5,20,0,300,0,0,3,0,0,0,0,0,0,1,0,0,8190,2,256,0,0,33,0,0,0,0,0,0,0,0,0,0,0,0
2250,Cute_Ribbon,Cute_Ribbon,5,500,0,100,0,0,1,0,0,0,0,0,0,0,0,0,8191,2,256,0,0,34,0,0,0,0,0,0,0,0,0,0,0,0
2251,Monk_Hat,Monk_Hat,5,30000,0,100,0,0,5,3,0,0,0,0,0,0,0,0,1040,2,256,0,0,35,0,0,0,0,0,0,0,0,0,0,0,0
2252,Wizard_Hat,Wizard_Hat,5,20,0,300,0,0,4,0,0,0,0,0,0,0,0,0,260,2,256,0,0,36,0,0,0,0,0,0,0,0,0,0,0,0
2253,Sunflower,Sunflower,5,20,0,100,0,0,1,0,0,0,0,0,0,0,0,0,8191,2,256,0,0,37,0,0,0,0,0,0,0,0,0,0,0,0
2254,Angel_Wing,Angel_Wing,5,20,0,100,0,0,2,3,0,0,0,1,0,0,0,1,8191,2,256,0,0,38,0,0,0,0,0,0,0,0,0,0,0,0
2255,Evil_Wing,Evil_Wing,5,20,0,100,0,0,3,2,0,0,1,0,0,0,0,0,8191,2,256,0,0,39,0,0,0,0,0,0,0,0,0,0,0,0
2256,Majestic_Goat,Majestic_Goat,5,20,0,800,0,0,5,0,0,0,1,0,0,0,0,0,2210,2,256,0,0,41,0,0,0,0,0,0,0,0,0,0,0,0
2257,Snow_Horn,Snow_Horn,5,20,0,100,0,0,2,0,0,0,0,0,0,0,0,0,8191,2,256,0,0,42,0,0,0,0,0,0,0,0,0,0,0,0
2258,Spiky_Band,Spiky_Band,5,20,0,1000,0,0,6,0,0,0,0,0,0,0,0,0,8190,2,256,0,50,43,0,0,0,0,0,0,0,0,0,0,0,0
2259,Mini_Propeller,Mini_Propeller,5,20,0,100,0,0,1,0,0,0,0,0,0,0,0,0,8191,2,256,0,0,46,0,0,0,0,0,0,0,0,0,0,0,0
2260,Mini_Glasses,Mini_Glasses,5,28000,0,100,0,0,1,0,0,0,0,0,0,0,0,0,8191,2,512,0,0,47,0,0,0,0,0,0,0,0,0,0,0,0
2261,Army_Cap,Army_Cap,5,20,0,400,0,0,4,0,0,0,0,0,0,0,0,0,6890,2,256,0,0,48,0,0,0,0,0,0,0,0,0,0,0,0
2262,Pierrot_Nose,Pierrot_Nose,5,20,0,100,0,0,0,0,0,0,0,0,0,0,0,0,8191,2,1,0,0,49,0,0,0,0,0,0,0,0,0,0,0,0
2263,Zoro_Masque,Zoro_Masque,5,20,0,100,0,0,0,0,0,0,0,0,0,0,0,0,8191,2,512,0,0,50,0,0,0,0,0,0,0,0,0,0,0,0
2265,Gangster_Mask,Gangster_Mask,5,20,0,100,0,0,0,0,0,0,0,0,0,0,0,0,8191,2,1,0,0,52,0,0,0,0,0,0,0,0,0,0,0,0
2266,Iron_Cain,Iron_Cain,5,20,0,300,0,0,1,0,0,0,0,0,0,0,0,0,130,2,1,0,50,53,0,0,0,0,0,0,0,0,0,0,0,0
2267,Cigar,Cigar,5,20,0,100,0,0,0,0,0,0,0,0,0,0,0,0,8190,2,1,0,0,54,0,0,0,0,0,0,0,0,0,0,0,0
2268,Pipe,Pipe,5,20,0,100,0,0,0,0,0,0,0,0,0,0,0,0,8191,2,1,0,0,55,0,0,0,0,0,0,0,0,0,0,0,0
2269,Romantic_Flower,Romantic_Flower,5,20,0,100,0,0,0,0,0,0,0,0,0,0,0,0,8191,2,1,0,0,56,0,0,0,0,0,0,0,0,0,0,0,0
2270,Romantic_Leaf,Romantic_Leaf,5,20,0,100,0,0,0,0,0,0,0,0,0,0,0,0,8191,2,1,0,0,57,0,0,0,0,0,0,0,0,0,0,0,0
2271,Jack_a_Dandy,Jack_a_Dandy,5,45000,0,100,0,0,1,0,0,0,0,0,0,0,0,0,8191,2,256,0,0,58,0,0,0,0,0,0,0,0,0,0,0,0
2272,Stop_Post,Stop_Post,5,20,0,400,0,0,1,0,0,0,0,0,0,0,0,0,8191,2,256,0,0,59,0,0,0,0,0,0,0,0,0,0,0,0
2273,Doctor_Band,Doctor_Band,5,20,0,100,0,0,1,0,0,0,0,0,0,0,0,0,8191,2,256,0,0,60,0,0,0,0,0,0,0,0,0,0,0,0
2274,Ghost_Bandana,Ghost_Bandana,5,20,0,100,0,0,0,0,0,0,0,2,0,0,0,0,8191,2,256,0,0,61,0,0,0,0,0,0,0,0,0,0,0,0
2275,Red_Bandana,Red_Bandana,5,20,0,100,0,0,2,0,0,0,0,0,0,0,0,0,8191,2,256,0,0,62,0,0,0,0,0,0,0,0,0,0,0,0
2276,Eagle_Eyes,Eagle_Eyes,5,20,0,100,0,0,1,0,0,0,0,0,0,0,0,0,8191,2,512,0,0,63,0,0,0,0,0,0,0,0,0,0,0,0
2277,Nurse_Cap,Nurse_Cap,5,20,0,100,0,0,1,0,0,0,0,0,0,0,0,1,1040,2,256,0,0,64,0,0,0,0,0,0,0,0,0,0,0,0
2279,Bomb_Wick,Bomb_Wick,5,20,0,100,0,0,1,0,0,0,0,0,0,0,0,0,8191,2,256,0,0,66,0,0,0,0,0,0,0,0,0,0,0,0
2280,Sakkat,Sakkat,5,20,0,300,0,0,3,0,0,0,0,1,0,0,0,0,8191,2,256,0,0,67,0,0,0,0,0,0,0,0,0,0,0,0
2282,Heaven_Ring,Heaven_Ring,5,20,0,100,0,0,0,0,0,0,0,0,0,0,0,0,8191,2,256,0,0,69,0,0,0,0,0,0,0,0,0,0,0,0
2283,Ear_Muffs,Ear_Muffs,5,20,0,200,0,0,3,0,0,0,0,0,0,0,0,0,8191,2,256,0,0,70,0,0,0,0,0,0,0,0,0,0,0,0
2284,Antler,Antler,5,20,0,500,0,0,4,0,0,0,0,0,0,0,0,0,8191,2,256,0,0,71,0,0,0,0,0,0,0,0,0,0,0,0
2285,Apple_o'_Archer,Apple_o'_Archer,5,20,0,200,0,0,0,0,0,0,0,0,0,0,3,0,8191,2,256,0,30,72,0,0,0,0,0,0,0,0,0,0,0,0
2286,Elven_Ears,Elven_Ears,5,20,0,100,0,0,0,0,0,0,0,0,0,0,0,0,8191,2,512,0,70,73,0,0,0,0,0,0,0,0,0,0,0,0
2287,Pirate_Bandana,Pirate_Bandana,5,20,0,100,0,0,1,0,0,0,1,0,0,0,0,0,8191,2,256,0,0,74,0,0,0,0,0,0,0,0,0,0,0,0
2289,Poo_Poo_Hat,Poo_Poo_Hat,5,20,0,700,0,0,0,0,0,0,0,0,0,0,0,0,8191,2,256,0,0,76,0,0,0,0,0,0,0,0,0,0,0,0
2290,Funeral_Hat,Funeral_Hat,5,3000,0,100,0,0,1,0,0,0,0,0,0,0,0,0,8191,2,256,0,0,77,0,0,0,0,0,0,0,0,0,0,0,0
2291,Masquerade,Masquerade,5,20,0,100,0,0,0,0,0,0,0,0,0,0,0,0,8191,2,512,0,0,78,0,0,0,0,0,0,0,0,0,0,0,0
2293,Pretend_Murdered,Pretend_Murdered,5,20,0,100,0,0,1,0,0,0,0,0,0,0,0,0,8191,2,256,0,0,80,0,0,0,0,0,0,0,0,0,0,0,0
2294,Stellar,Stellar,5,20,0,100,0,0,1,0,0,0,0,0,0,0,0,0,8191,2,256,0,0,81,0,0,0,0,0,0,0,0,0,0,0,0
2295,Blinker,Blinker,5,1500,0,100,0,0,0,0,0,0,0,0,0,0,0,0,8191,2,512,0,0,82,0,0,0,0,0,0,0,0,0,0,0,0
2296,Binoculars,Binoculars,5,20,0,100,0,0,1,0,0,0,0,0,0,0,1,0,520,2,512,0,50,83,0,0,0,0,0,0,0,0,0,0,0,0
2298,Green_Feeler,Green_Feeler,5,20,0,100,0,0,2,0,0,0,0,0,0,0,0,0,8191,2,256,0,0,85,0,0,0,0,0,0,0,0,0,0,0,0
2299,Orc_Helm,Orc_Helm,5,20,0,500,0,0,5,0,0,0,0,0,0,0,0,0,6370,2,256,0,0,86,0,0,0,0,0,0,0,0,0,0,0,0
2301,Cotton_Shirts,Cotton_Shirts,5,10,0,100,0,0,1,0,0,0,0,0,0,0,0,0,8191,2,16,0,0,0,0,0,0,0,0,0,0,0,0,0,0,0
2302,Cotton_Shirts,Cotton_Shirts,5,10,0,100,0,0,1,0,0,1,0,0,0,0,0,0,8191,2,16,0,0,0,0,0,0,0,0,0,0,0,0,0,0,0
2303,Jacket,Jacket,5,200,0,200,0,0,2,0,0,0,0,0,0,0,0,0,8191,2,16,0,0,0,0,0,0,0,0,0,0,0,0,0,0,0
2304,Jacket,Jacket,5,200,0,200,0,0,2,0,0,1,0,0,0,0,0,0,8191,2,16,0,0,0,0,0,0,0,0,0,0,0,0,0,0,0
2305,Adventurer's_Suit,Adventurer's_Suit,5,1000,0,300,0,0,3,0,0,0,0,0,0,0,0,0,8191,2,16,0,0,0,0,0,0,0,0,0,0,0,0,0,0,0
2306,Adventurer's_Suit,Adventurer's_Suit,5,1000,0,300,0,0,3,0,0,1,0,0,0,0,0,0,8191,2,16,0,0,0,0,0,0,0,0,0,0,0,0,0,0,0
2307,Mantle,Mantle,5,10000,0,600,0,0,4,0,0,0,0,0,0,0,0,0,6890,2,16,0,0,0,0,0,0,0,0,0,0,0,0,0,0,0
2308,Mantle,Mantle,5,10000,0,600,0,0,4,0,0,1,0,0,0,0,0,0,6890,2,16,0,0,0,0,0,0,0,0,0,0,0,0,0,0,0
2309,Coat,Coat,5,22000,0,1200,0,0,5,0,0,0,0,0,0,0,0,0,6890,2,16,0,0,0,0,0,0,0,0,0,0,0,0,0,0,0
2310,Coat,Coat,5,22000,0,1200,0,0,5,0,0,1,0,0,0,0,0,0,6890,2,16,0,0,0,0,0,0,0,0,0,0,0,0,0,0,0
2311,Mink_Coat,Mink_Coat,5,500000,0,2300,0,0,6,0,0,1,0,0,0,0,0,0,8190,2,16,0,30,0,0,0,0,0,0,0,0,0,0,0,0,0
2312,Padded_Armor,Padded_Armor,5,48000,0,2800,0,0,7,0,0,0,0,0,0,0,0,0,6370,2,16,0,0,0,0,0,0,0,0,0,0,0,0,0,0,0
2313,Padded_Armor,Padded_Armor,5,48000,0,2800,0,0,7,0,0,1,0,0,0,0,0,0,6370,2,16,0,0,0,0,0,0,0,0,0,0,0,0,0,0,0
2314,Chain_Mail,Chain_Mail,5,65000,0,3300,0,0,8,0,0,0,0,0,0,0,0,0,6370,2,16,0,0,0,0,0,0,0,0,0,0,0,0,0,0,0
2315,Chain_Mail,Chain_Mail,5,65000,0,3300,0,0,8,0,0,1,0,0,0,0,0,0,6370,2,16,0,0,0,0,0,0,0,0,0,0,0,0,0,0,0
2316,Full_Plate,Full_Plate,5,80000,0,4500,0,0,10,0,0,0,0,0,0,0,0,0,130,2,16,0,40,0,0,0,0,0,0,0,0,0,0,0,0,0
2317,Full_Plate,Full_Plate,5,80000,0,4500,0,0,10,0,0,1,0,0,0,0,0,0,130,2,16,0,40,0,0,0,0,0,0,0,0,0,0,0,0,0
2318,Lord's_Clothes,Lord's_Clothes,5,20,0,2500,0,0,8,5,0,1,0,0,0,1,0,0,2080,2,16,0,70,0,0,0,0,0,0,0,0,0,0,0,0,0
2319,Glittering_Jacket,Glittering_Jacket,5,20,0,2500,0,0,7,0,0,1,0,0,0,0,0,0,2080,2,16,0,60,0,0,0,0,0,0,0,0,0,0,0,0,0
2320,Formal_Suit,Formal_Suit,5,20,0,300,0,0,5,0,0,1,0,0,0,0,0,0,8190,2,16,0,0,0,0,0,0,0,0,0,0,0,0,0,0,0
2321,Silk_Robe,Silk_Robe,5,8000,0,400,0,0,3,10,0,0,0,0,0,0,0,0,8190,2,16,0,0,0,0,0,0,0,0,0,0,0,0,0,0,0
2322,Silk_Robe,Silk_Robe,5,8000,0,400,0,0,3,10,0,1,0,0,0,0,0,0,8190,2,16,0,0,0,0,0,0,0,0,0,0,0,0,0,0,0
2323,Scapulare,Scapulare,5,6500,0,400,0,0,4,0,0,0,0,0,0,0,0,0,1040,2,16,0,0,0,0,0,0,0,0,0,0,0,0,0,0,0
2324,Scapulare,Scapulare,5,6500,0,400,0,0,4,0,0,1,0,0,0,0,0,0,1040,2,16,0,0,0,0,0,0,0,0,0,0,0,0,0,0,0
2325,Saint's_Robe,Saint's_Robe,5,54000,0,600,0,0,6,5,0,0,0,0,0,0,0,0,3250,2,16,0,0,0,0,0,0,0,0,0,0,0,0,0,0,0
2326,Saint's_Robe,Saint's_Robe,5,54000,0,600,0,0,6,5,0,1,0,0,0,0,0,0,3250,2,16,0,0,0,0,0,0,0,0,0,0,0,0,0,0,0
2327,Holy_Robe,Holy_Robe,5,20,0,1700,0,0,7,5,0,0,0,0,0,0,0,0,1040,2,16,0,60,0,0,0,0,0,0,0,0,0,0,0,0,0
2328,Wooden_Mail,Wooden_Mail,5,5500,0,1000,0,0,4,0,0,0,0,0,0,0,0,0,2210,2,16,0,0,0,0,0,0,0,0,0,0,0,0,0,0,0
2329,Wooden_Mail,Wooden_Mail,5,5500,0,1000,0,0,4,0,0,1,0,0,0,0,0,0,2210,2,16,0,0,0,0,0,0,0,0,0,0,0,0,0,0,0
2330,Tights,Tights,5,71000,0,500,0,0,6,0,0,0,0,0,0,0,1,0,520,2,16,0,45,0,0,0,0,0,0,0,0,0,0,0,0,0
2331,Tights,Tights,5,71000,0,500,0,0,6,0,0,1,0,0,0,0,1,0,520,2,16,0,45,0,0,0,0,0,0,0,0,0,0,0,0,0
2332,Silver_Robe,Silver_Robe,5,7000,0,700,0,0,4,0,0,0,0,0,0,0,0,0,260,2,16,0,0,0,0,0,0,0,0,0,0,0,0,0,0,0
2333,Silver_Robe,Silver_Robe,5,7000,0,700,0,0,4,0,0,1,0,0,0,0,0,0,260,2,16,0,0,0,0,0,0,0,0,0,0,0,0,0,0,0
2334,Mage_Coat,Mage_Coat,5,20,0,600,0,0,5,0,0,0,0,0,0,1,0,0,260,2,16,0,50,0,0,0,0,0,0,0,0,0,0,0,0,0
2335,Thief_Clothes,Thief_Clothes,5,74000,0,100,0,0,6,0,0,0,0,1,0,0,0,0,4160,2,16,0,0,0,0,0,0,0,0,0,0,0,0,0,0,0
2336,Thief_Clothes,Thief_Clothes,5,74000,0,100,0,0,6,0,0,1,0,1,0,0,0,0,4160,2,16,0,0,0,0,0,0,0,0,0,0,0,0,0,0,0
2337,Ninja_Suit,Ninja_Suit,5,20,0,1500,0,0,7,0,0,0,0,1,0,0,0,0,4160,2,16,0,50,0,0,0,0,0,0,0,0,0,0,0,0,0
2338,Wedding_Dress,Wedding_Dress,5,43000,0,500,0,0,0,15,0,0,0,0,0,0,0,0,8190,2,16,0,0,0,0,0,0,0,0,0,0,0,0,0,0,0
2339,Pantie,Pantie,5,1000,0,100,0,0,4,0,0,0,0,0,0,0,0,0,8191,2,16,0,0,0,0,0,0,0,0,0,0,0,0,0,0,0
2401,Sandals,Sandals,5,400,0,200,0,0,1,0,0,0,0,0,0,0,0,0,8191,2,64,0,0,0,0,0,0,0,0,0,0,0,0,0,0,0
2402,Sandals,Sandals,5,400,0,200,0,0,1,0,0,1,0,0,0,0,0,0,8191,2,64,0,0,0,0,0,0,0,0,0,0,0,0,0,0,0
2403,Shoes,Shoes,5,3500,0,400,0,0,2,0,0,0,0,0,0,0,0,0,8190,2,64,0,0,0,0,0,0,0,0,0,0,0,0,0,0,0
2404,Shoes,Shoes,5,3500,0,400,0,0,2,0,0,1,0,0,0,0,0,0,8190,2,64,0,0,0,0,0,0,0,0,0,0,0,0,0,0,0
2405,Boots,Boots,5,18000,0,600,0,0,4,0,0,0,0,0,0,0,0,0,6890,2,64,0,0,0,0,0,0,0,0,0,0,0,0,0,0,0
2406,Boots,Boots,5,18000,0,600,0,0,4,0,0,1,0,0,0,0,0,0,6890,2,64,0,0,0,0,0,0,0,0,0,0,0,0,0,0,0
2407,Crystal_Pumps,Crystal_Pumps,5,20,0,100,0,0,0,10,0,0,0,0,0,0,0,5,8190,0,64,0,0,0,0,0,0,0,0,0,0,0,0,0,0,0
2408,Ball'n'Chain,Ball'n'Chain,5,5000,0,3000,0,0,3,0,0,0,0,0,0,0,0,0,8191,2,64,0,0,0,0,0,0,0,0,0,0,0,0,0,0,0
2409,Highheels,Highheels,5,8500,0,600,0,0,2,5,0,0,0,0,0,0,0,0,6890,2,64,0,0,0,0,0,0,0,0,0,0,0,0,0,0,0
2501,Hood,Hood,5,1000,0,200,0,0,1,0,0,0,0,0,0,0,0,0,8191,2,4,0,0,0,0,0,0,0,0,0,0,0,0,0,0,0
2502,Hood,Hood,5,1000,0,200,0,0,1,0,0,1,0,0,0,0,0,0,8191,2,4,0,0,0,0,0,0,0,0,0,0,0,0,0,0,0
2503,Muffler,Muffler,5,5000,0,400,0,0,2,0,0,0,0,0,0,0,0,0,8190,2,4,0,0,0,0,0,0,0,0,0,0,0,0,0,0,0
2504,Muffler,Muffler,5,5000,0,400,0,0,2,0,0,1,0,0,0,0,0,0,8190,2,4,0,0,0,0,0,0,0,0,0,0,0,0,0,0,0
2505,Manteau,Manteau,5,32000,0,600,0,0,4,0,0,0,0,0,0,0,0,0,6370,2,4,0,0,0,0,0,0,0,0,0,0,0,0,0,0,0
2506,Manteau,Manteau,5,32000,0,600,0,0,4,0,0,1,0,0,0,0,0,0,6370,2,4,0,0,0,0,0,0,0,0,0,0,0,0,0,0,0
2507,Cape_of_Old_Marquess,Cape_of_Old_Marquess,5,20,0,600,0,0,2,0,0,0,0,1,0,0,0,0,8190,2,4,0,40,0,0,0,0,0,0,0,0,0,0,0,0,0
2508,Ragamuffin_Manteau,Ragamuffin_Manteau,5,20,0,500,0,0,1,10,0,0,0,0,0,0,0,0,8190,2,4,0,0,0,0,0,0,0,0,0,0,0,0,0,0,0
2601,Ring,Ring,5,30000,0,100,0,0,0,0,0,0,2,0,0,0,0,0,8190,2,136,0,20,0,0,0,0,0,0,0,0,0,0,0,0,0
2602,Earring,Earring,5,30000,0,100,0,0,0,0,0,0,0,0,0,2,0,0,8190,2,136,0,20,0,0,0,0,0,0,0,0,0,0,0,0,0
2603,Necklace,Necklace,5,30000,0,100,0,0,0,0,0,0,0,0,2,0,0,0,8190,2,136,0,20,0,0,0,0,0,0,0,0,0,0,0,0,0
2604,Glove,Glove,5,30000,0,100,0,0,0,0,0,0,0,0,0,0,2,0,8190,2,136,0,20,0,0,0,0,0,0,0,0,0,0,0,0,0
2605,Brooch,Brooch,5,30000,0,100,0,0,0,0,0,0,0,2,0,0,0,0,8190,2,136,0,20,0,0,0,0,0,0,0,0,0,0,0,0,0
2607,Clip,Clip,5,30000,0,100,0,0,0,0,0,1,0,0,0,0,0,0,8190,2,136,0,0,0,0,0,0,0,0,0,0,0,0,0,0,0
2608,Rosary,Rosary,5,15000,0,100,0,0,0,5,0,0,0,0,0,0,0,2,8190,2,136,0,20,0,0,0,0,0,0,0,0,0,0,0,0,0
2609,Skull_Ring,Skull_Ring,5,10000,0,100,0,0,0,0,0,0,0,0,0,0,0,0,8191,2,136,0,0,0,0,0,0,0,0,0,0,0,0,0,0,0
2610,Gold_Ring,Gold_Ring,5,30000,0,100,0,0,0,0,0,0,0,0,0,0,0,0,8191,2,136,0,0,0,0,0,0,0,0,0,0,0,0,0,0,0
2611,Silver_Ring,Silver_Ring,5,20000,0,100,0,0,0,0,0,0,0,0,0,0,0,0,8191,2,136,0,0,0,0,0,0,0,0,0,0,0,0,0,0,0
2612,Flower_Ring,Flower_Ring,5,1500,0,100,0,0,0,0,0,0,0,0,0,0,0,0,8191,2,136,0,0,0,0,0,0,0,0,0,0,0,0,0,0,0
2613,Diamond_Ring,Diamond_Ring,5,45000,0,100,0,0,0,0,0,0,0,0,0,0,0,0,8191,2,136,0,0,0,0,0,0,0,0,0,0,0,0,0,0,0
2614,Eye_of_Dullahan,Eye_of_Dullahan,5,90000,0,100,0,0,0,0,0,0,0,0,0,0,0,0,8190,2,136,0,50,0,0,0,0,0,0,0,0,0,0,0,0,0
2615,Safety_Ring,Safety_Ring,5,75000,0,100,0,0,5,0,0,0,0,0,0,0,0,0,8190,2,136,0,40,0,0,0,0,0,0,0,0,0,0,0,0,0
2616,Critical_Ring,Critical_Ring,5,75000,0,100,0,0,0,0,0,0,0,0,0,0,0,0,8190,2,136,0,40,0,0,0,0,0,0,0,0,0,0,0,0,0
2617,Celebrant's Mitten,Celebrant's Mitten,5,2,0,100,0,0,1,0,0,0,0,0,0,1,0,0,8190,2,136,0,35,0,0,0,0,0,0,0,0,0,0,0,0,0
2618,Matyr's_Leash,Matyr's_Leash,5,2,0,100,0,0,1,0,0,0,0,1,0,0,0,0,8190,2,136,0,35,0,0,0,0,0,0,0,0,0,0,0,0,0
2619,Bow_Thimble,Bow_Thimble,5,10000,0,100,0,0,0,0,0,0,0,0,0,0,0,0,520,2,136,0,65,0,0,0,0,0,0,0,0,0,0,0,0,0
2620,Rogue's_Treasure,Rogue's_Treasure,5,10000,0,100,0,0,0,0,0,0,0,0,0,0,0,0,4160,2,136,0,70,0,0,0,0,0,0,0,0,0,0,0,0,0
5001,Headset,Headset,5,20,0,200,0,0,3,0,0,0,0,0,0,0,0,0,8191,2,256,0,0,87,0,0,0,0,0,0,0,0,0,0,0,0
5002,Jewel_Crown,Jewel_Crown,5,20,0,600,0,0,4,3,0,0,0,0,0,2,0,1,2210,2,256,0,60,88,0,0,0,0,0,0,0,0,0,0,0,0
5003,Joker_Jester,Joker_Jester,5,20,0,100,0,0,1,5,0,0,0,0,0,0,0,2,8191,2,256,0,0,89,0,0,0,0,0,0,0,0,0,0,0,0
5004,Oxygen_Mask,Oxygen_Mask,5,20,0,200,0,0,0,0,0,0,0,0,0,0,0,0,8191,2,1,0,0,90,0,0,0,0,0,0,0,0,0,0,0,0
5006,Machoman's_Glasses,Machoman's_Glasses,5,36000,0,100,0,0,1,0,0,0,0,0,0,0,0,0,8191,2,512,0,0,92,0,0,0,0,0,0,0,0,0,0,0,0
5007,Grand_Circlet,Grand_Circlet,5,20,0,200,0,0,3,4,0,0,1,0,0,1,0,1,8191,2,256,0,55,93,0,0,0,0,0,0,0,0,0,0,0,0
5008,Puppy_Love,Puppy_Love,5,20,0,100,0,0,1,0,0,0,0,0,0,0,0,0,8191,2,256,0,0,94,0,0,0,0,0,0,0,0,0,0,0,0
5009,Safety_Helmet,Safety_Helmet,5,20,0,500,0,0,3,3,0,0,0,0,0,0,0,0,8191,2,256,0,0,95,0,0,0,0,0,0,0,0,0,0,0,0
5010,Indian_Fillet,Indian_Fillet,5,20,0,100,0,0,3,0,0,0,0,0,0,0,0,0,8191,2,256,0,0,96,0,0,0,0,0,0,0,0,0,0,0,0
5011,Aerial,Aerial,5,20,0,100,0,0,3,0,0,0,0,0,0,0,0,0,8191,2,256,0,0,97,0,0,0,0,0,0,0,0,0,0,0,0
5012,Ph.D_Hat,Ph.D_Hat,5,20,0,200,0,0,3,3,0,0,0,0,0,0,0,0,8191,2,256,0,0,98,0,0,0,0,0,0,0,0,0,0,0,0
5013,Lord_Kaho's_Horn,Lord_Kaho's_Horn,5,20,0,100,0,0,5,0,0,0,5,10,10,5,0,20,8191,2,256,0,0,99,0,0,0,0,0,0,0,0,0,0,0,0
5014,Fin_Helm,Fin_Helm,5,20,0,300,0,0,2,0,0,0,0,0,0,0,0,0,130,2,512,0,65,100,0,0,0,0,0,0,0,0,0,0,0,0
5015,Egg_Shell,Egg_Shell,5,20,0,200,0,0,3,0,0,0,0,0,0,0,0,0,8191,2,256,0,0,101,0,0,0,0,0,0,0,0,0,0,0,0
5016,Boys_Cap,Boys_Cap,5,20,0,100,0,0,2,0,0,0,0,0,0,0,0,0,8191,2,256,0,0,102,0,0,0,0,0,0,0,0,0,0,0,0
5017,Bone_Helm,Bone_Helm,5,20,0,800,0,0,7,0,0,0,0,0,0,0,0,0,2210,2,256,0,70,103,0,0,0,0,0,0,0,0,0,0,0,0
5018,Feather_Bonnet,Feather_Bonnet,5,20,0,300,0,0,4,0,0,0,0,1,0,0,0,0,520,2,256,0,0,104,0,0,0,0,0,0,0,0,0,0,0,0
5019,Corsair,Corsair,5,20,0,500,0,0,5,0,0,0,0,0,1,0,0,0,8191,2,256,0,0,105,0,0,0,0,0,0,0,0,0,0,0,0
2278,Mr._Smile,Mr._Smile,5,8000,0,100,0,0,1,0,0,0,0,0,0,0,0,0,8191,2,513,0,0,65,0,0,0,0,0,0,0,0,0,0,0,0
2281,Opera_Masque,Opera_Masque,5,20,0,200,0,0,2,0,0,0,0,0,0,0,0,0,8191,2,513,0,0,68,0,0,0,0,0,0,0,0,0,0,0,0
2288,Mr._Scream,Mr._Scream,5,20,0,100,0,0,1,0,0,0,0,0,0,0,0,0,8191,2,513,0,0,75,0,0,0,0,0,0,0,0,0,0,0,0
2292,Welding_Mask,Welding_Mask,5,20,0,300,0,0,2,0,0,0,0,0,0,0,0,0,2080,2,513,0,50,79,0,0,0,0,0,0,0,0,0,0,0,0
2297,Goblini_Mask,Goblini_Mask,5,20,0,100,0,0,1,0,0,0,0,0,0,0,0,0,8191,2,513,0,0,84,0,0,0,0,0,0,0,0,0,0,0,0
5005,Gas_Mask,Gas_Mask,5,20,0,100,0,0,1,0,0,0,0,0,0,0,0,0,8191,2,513,0,0,91,0,0,0,0,0,0,0,0,0,0,0,0
2224,Goggles,Goggles,5,10000,0,300,0,0,5,0,0,0,0,0,0,0,0,0,6370,2,768,0,0,1,0,0,0,0,0,0,0,0,0,0,0,0
2225,Goggles,Goggles,5,10000,0,300,0,0,5,0,0,1,0,0,0,0,0,0,6370,2,768,0,0,1,0,0,0,0,0,0,0,0,0,0,0,0
2264,Munak_Hat,Munak_Hat,5,20,0,300,0,0,5,0,0,0,0,0,0,0,0,0,8190,2,769,0,0,51,0,0,0,0,0,0,0,0,0,0,0,0
1750,Arrow,Arrow,10,1,0,1,25,0,0,0,0,0,0,0,0,0,0,0,0,0,0,0,1,0,0,0,0,0,0,0,0,0,0,0,0,0
1751,Silver_Arrow,Silver_Arrow,10,3,0,2,30,0,0,0,0,0,0,0,0,0,0,0,0,0,0,0,1,0,6,0,0,0,0,0,0,0,0,0,0,0
1752,Fire_Arrow,Fire_Arrow,10,3,0,2,30,0,0,0,0,0,0,0,0,0,0,0,0,0,0,0,1,0,3,0,0,0,0,0,0,0,0,0,0,0
1116,Katana,Katana,4,2000,0,1000,60,0,0,0,1,3,0,0,0,0,0,0,130,2,34,1,4,3,0,0,0,0,0,0,0,0,0,0,0,0
1117,Katana,Katana,4,2000,0,1000,60,0,0,0,1,4,0,0,0,0,0,0,130,2,34,1,4,3,0,0,0,0,0,0,0,0,0,0,0,0
1118,Katana,Katana,4,2000,0,1000,60,0,0,0,1,0,0,0,0,0,0,0,130,2,34,1,4,3,0,0,0,0,0,0,0,0,0,0,0,0
1151,Slayer,Slayer,4,15000,0,1300,90,0,0,0,1,2,0,0,0,0,0,0,130,2,34,2,18,3,0,0,0,0,0,0,0,0,0,0,0,0
1152,Slayer,Slayer,4,15000,0,1300,90,0,0,0,1,3,0,0,0,0,0,0,130,2,34,2,18,3,0,0,0,0,0,0,0,0,0,0,0,0
1153,Slayer,Slayer,4,15000,0,1300,90,0,0,0,1,0,0,0,0,0,0,0,130,2,34,2,18,3,0,0,0,0,0,0,0,0,0,0,0,0
1154,Bastard_Sword,Bastard_Sword,4,22500,0,1600,115,0,0,0,1,2,0,0,0,0,0,0,130,2,34,2,18,3,0,0,0,0,0,0,0,0,0,0,0,0
1155,Bastard_Sword,Bastard_Sword,4,22500,0,1600,115,0,0,0,1,3,0,0,0,0,0,0,130,2,34,2,18,3,0,0,0,0,0,0,0,0,0,0,0,0
1156,Bastard_Sword,Bastard_Sword,4,22500,0,1600,115,0,0,0,1,0,0,0,0,0,0,0,130,2,34,2,18,3,0,0,0,0,0,0,0,0,0,0,0,0
1157,Two-handed_Sword,Two-handed_Sword,4,60000,0,2200,160,0,0,0,1,1,0,0,0,0,0,0,130,2,34,3,33,3,0,0,0,0,0,0,0,0,0,0,0,0
1158,Two-handed_Sword,Two-handed_Sword,4,60000,0,2200,160,0,0,0,1,2,0,0,0,0,0,0,130,2,34,3,33,3,0,0,0,0,0,0,0,0,0,0,0,0
1159,Two-handed_Sword,Two-handed_Sword,4,60000,0,2200,160,0,0,0,1,0,0,0,0,0,0,0,130,2,34,3,33,3,0,0,0,0,0,0,0,0,0,0,0,0
1160,Broad_Sword,Broad_Sword,4,65000,0,2000,140,0,5,0,1,1,0,0,0,0,0,0,130,2,34,3,33,3,0,0,0,0,0,0,0,0,0,0,0,0
1162,Broad_Sword,Broad_Sword,4,20,0,1000,300,0,0,0,2,0,0,0,0,0,0,0,8191,2,2,4,1,1,0,0,0,0,0,0,0,0,0,0,0,0
1161,Balmung,Balmung,4,65000,0,2000,140,0,5,0,1,2,0,0,0,0,0,0,130,2,34,3,33,3,0,0,0,0,0,0,0,0,0,0,0,0
1163,Claymore,Claymore,4,74000,0,2500,180,0,0,0,1,0,0,0,0,0,0,0,128,2,34,3,33,3,0,0,0,0,0,0,0,0,0,0,0,0
1164,Muramasa,Muramasa,4,20,0,1000,170,0,0,0,1,0,0,0,0,0,0,0,130,2,34,4,48,3,0,0,0,0,0,0,0,0,0,0,0,0
1165,Masamune,Masamune,4,20,0,1000,200,0,0,0,1,0,0,0,0,0,0,0,130,2,34,4,48,3,0,0,0,0,0,0,0,0,0,0,0,0
1166,Dragon_Slayer,Dragon_Slayer,4,20,0,1300,150,0,0,0,1,0,0,0,0,0,0,0,130,2,34,4,48,3,0,0,0,0,0,0,0,0,0,0,0,0
1167,Schweizersabel,Schweizersabel,4,20,0,1600,160,0,0,0,1,0,0,0,0,0,0,0,130,2,34,4,48,3,4,0,0,0,0,0,0,0,0,0,0,0
1168,Zweihander,Zweihander,4,20,0,2200,190,0,0,0,1,0,0,0,0,0,0,0,130,2,34,4,48,3,0,0,0,0,0,0,0,0,0,0,0,0
1169,Executioner,Executioner,4,20,0,2200,155,0,0,0,1,0,0,0,0,0,0,0,130,2,34,4,48,3,7,0,0,0,0,0,0,0,0,0,0,0
1170,Katzbalger,Katzbalger,4,20,0,2000,175,0,10,0,1,0,0,0,5,0,0,0,130,2,34,4,48,3,0,0,0,0,0,0,0,0,0,0,0,0
1351,Battle_Axe,Battle_Axe,4,5400,0,1800,75,0,0,0,1,3,0,0,0,0,0,0,2210,2,34,1,3,7,0,0,0,0,0,0,0,0,0,0,0,0
1352,Battle_Axe,Battle_Axe,4,5400,0,1800,75,0,0,0,1,4,0,0,0,0,0,0,2210,2,34,1,3,7,0,0,0,0,0,0,0,0,0,0,0,0
1353,Battle_Axe,Battle_Axe,4,5400,0,1800,75,0,0,0,1,0,0,0,0,0,0,0,2210,2,34,1,3,7,0,0,0,0,0,0,0,0,0,0,0,0
1354,Hammer,Hammer,4,15500,0,2300,110,0,0,0,1,2,0,0,0,0,0,0,2210,2,34,2,16,7,0,0,0,0,0,0,0,0,0,0,0,0
1355,Hammer,Hammer,4,15500,0,2300,110,0,0,0,1,3,0,0,0,0,0,0,2210,2,34,2,16,7,0,0,0,0,0,0,0,0,0,0,0,0
1356,Hammer,Hammer,4,15500,0,2300,110,0,0,0,1,0,0,0,0,0,0,0,2210,2,34,2,16,7,0,0,0,0,0,0,0,0,0,0,0,0
1357,Buster,Buster,4,34000,0,2500,140,0,0,0,1,1,0,0,0,0,0,0,2210,2,34,3,30,7,0,0,0,0,0,0,0,0,0,0,0,0
1358,Buster,Buster,4,34000,0,2500,140,0,0,0,1,2,0,0,0,0,0,0,2210,2,34,3,30,7,0,0,0,0,0,0,0,0,0,0,0,0
1359,Buster,Buster,4,34000,0,2500,140,0,0,0,1,0,0,0,0,0,0,0,2210,2,34,3,30,7,0,0,0,0,0,0,0,0,0,0,0,0
1360,Two-handed_Axe,Two-handed_Axe,4,55000,0,3000,170,0,0,0,1,1,0,0,0,0,0,0,2210,2,34,3,30,7,0,0,0,0,0,0,0,0,0,0,0,0
1361,Two-handed_Axe,Two-handed_Axe,4,55000,0,3000,170,0,0,0,1,2,0,0,0,0,0,0,2210,2,34,3,30,7,0,0,0,0,0,0,0,0,0,0,0,0
1362,Two-handed_Axe,Two-handed_Axe,4,55000,0,3000,170,0,0,0,1,0,0,0,0,0,0,0,2210,2,34,3,30,7,0,0,0,0,0,0,0,0,0,0,0,0
1363,Bloody_Axe,Bloody_Axe,4,20,0,4000,160,0,0,0,1,0,10,0,0,0,0,0,2210,2,34,4,44,7,0,0,0,0,0,0,0,0,0,0,0,0
1364,Great_Axe,Great_Axe,4,20,0,1800,185,0,0,0,1,0,0,0,0,0,0,0,2210,2,34,4,44,7,0,0,0,0,0,0,0,0,0,0,0,0
1365,Sabbath,Sabbath,4,20,0,2300,120,0,0,0,1,0,0,0,0,0,0,0,2210,2,34,4,44,7,7,0,0,0,0,0,0,0,0,0,0,0
1366,Light_Epsilon,Light_Epsilon,4,20,0,2300,180,0,0,0,1,0,0,0,0,0,0,0,2210,2,34,4,44,7,6,0,0,0,0,0,0,0,0,0,0,0
1367,Slaughter,Slaughter,4,20,0,2500,120,0,0,0,1,0,0,0,0,0,0,0,2210,2,34,4,44,7,2,0,0,0,0,0,0,0,0,0,0,0
1368,Tomahawk,Tomahawk,4,20,0,2500,165,0,0,0,1,0,0,0,0,0,0,0,2210,2,34,4,44,7,4,0,0,0,0,0,0,0,0,0,0,0
1369,Guillotine,Guillotine,4,20,0,3000,215,0,0,0,1,0,0,0,0,0,0,0,2210,2,34,4,44,7,0,0,0,0,0,0,0,0,0,0,0,0
1451,Guisarme,Guisarme,4,13000,0,1000,84,0,0,0,3,2,0,0,0,0,0,0,130,2,34,2,18,5,0,0,0,0,0,0,0,0,0,0,0,0
1452,Guisarme,Guisarme,4,13000,0,1000,84,0,0,0,3,3,0,0,0,0,0,0,130,2,34,2,18,5,0,0,0,0,0,0,0,0,0,0,0,0
1453,Guisarme,Guisarme,4,13000,0,1000,84,0,0,0,3,0,0,0,0,0,0,0,130,2,34,2,18,5,0,0,0,0,0,0,0,0,0,0,0,0
1454,Glaive,Glaive,4,20000,0,1200,104,0,0,0,3,2,0,0,0,0,0,0,130,2,34,2,18,5,0,0,0,0,0,0,0,0,0,0,0,0
1455,Glaive,Glaive,4,20000,0,1200,104,0,0,0,3,3,0,0,0,0,0,0,130,2,34,2,18,5,0,0,0,0,0,0,0,0,0,0,0,0
1456,Glaive,Glaive,4,20000,0,1200,104,0,0,0,3,0,0,0,0,0,0,0,130,2,34,2,18,5,0,0,0,0,0,0,0,0,0,0,0,0
1457,Partizan,Partizan,4,27000,0,2000,124,0,0,0,3,1,0,0,0,0,0,0,130,2,34,2,18,5,0,0,0,0,0,0,0,0,0,0,0,0
1458,Partizan,Partizan,4,27000,0,2000,124,0,0,0,3,2,0,0,0,0,0,0,130,2,34,2,18,5,0,0,0,0,0,0,0,0,0,0,0,0
1459,Partizan,Partizan,4,27000,0,2000,124,0,0,0,3,0,0,0,0,0,0,0,130,2,34,3,33,5,0,0,0,0,0,0,0,0,0,0,0,0
1460,Trident,Trident,4,51000,0,1200,150,0,0,0,3,2,0,0,0,0,0,0,130,2,34,3,33,5,0,0,0,0,0,0,0,0,0,0,0,0
1461,Trident,Trident,4,51000,0,1200,150,0,0,0,3,3,0,0,0,0,0,0,130,2,34,3,33,5,0,0,0,0,0,0,0,0,0,0,0,0
1462,Trident,Trident,4,51000,0,1200,150,0,0,0,3,0,0,0,0,0,0,0,130,2,34,3,33,5,0,0,0,0,0,0,0,0,0,0,0,0
1463,Hallberd,Hallberd,4,54000,0,2500,165,0,0,0,3,1,0,0,0,0,0,0,130,2,34,3,33,5,0,0,0,0,0,0,0,0,0,0,0,0
1464,Hallberd,Hallberd,4,54000,0,2500,165,0,0,0,3,2,0,0,0,0,0,0,130,2,34,3,33,5,0,0,0,0,0,0,0,0,0,0,0,0
1465,Hallberd,Hallberd,4,54000,0,2500,165,0,0,0,3,0,0,0,0,0,0,0,130,2,34,3,33,5,0,0,0,0,0,0,0,0,0,0,0,0
1466,Cresent_Scythe,Cresent_Scythe,4,20,0,2500,150,0,0,0,3,0,0,0,0,0,0,0,130,2,34,4,48,5,0,0,0,0,0,0,0,0,0,0,0,0
1410,Lance,Lance,4,60000,0,2500,185,0,0,0,3,0,0,0,0,0,0,0,128,2,34,3,33,5,0,0,0,0,0,0,0,0,0,0,0,0
1411,Lance,Lance,4,60000,0,2500,185,0,0,0,3,0,0,0,0,0,0,0,128,2,34,3,33,5,0,0,0,0,0,0,0,0,0,0,0,0
1412,Lance,Lance,4,60000,0,2500,185,0,0,0,3,0,0,0,0,0,0,0,128,2,34,3,33,5,0,0,0,0,0,0,0,0,0,0,0,0
1467,Bill_Guisarme,Bill_Guisarme,4,20,0,1000,180,0,0,0,3,0,0,0,0,0,0,0,130,2,34,4,48,5,0,0,0,0,0,0,0,0,0,0,0,0
1468,Zephyrus,Zephyrus,4,20,0,1200,170,0,0,0,3,0,0,0,0,0,0,0,130,2,34,4,48,5,4,0,0,0,0,0,0,0,0,0,0,0
1469,Longinus's_Spear,Longinus's_Spear,4,20,0,2000,180,0,0,0,3,0,0,0,0,0,0,0,130,2,34,4,48,5,7,0,0,0,0,0,0,0,0,0,0,0
1470,Brionac,Brionac,4,20,0,1200,190,0,0,0,3,0,0,0,0,0,0,0,130,2,34,4,48,5,6,0,0,0,0,0,0,0,0,0,0,0
1471,Hellfire,Hellfire,4,20,0,2500,195,0,0,0,3,0,0,0,0,0,0,0,130,2,34,4,48,5,3,0,0,0,0,0,0,0,0,0,0,0
1250,Jur,Jur,4,19500,0,800,125,0,0,0,1,2,0,0,0,0,0,0,4096,2,34,2,18,16,0,0,0,0,0,0,0,0,0,0,0,0
1251,Jur,Jur,4,19500,0,800,125,0,0,0,1,3,0,0,0,0,0,0,4096,2,34,2,18,16,0,0,0,0,0,0,0,0,0,0,0,0
1252,Katar,Katar,4,41000,0,1200,148,0,0,0,1,1,0,0,0,0,1,0,4096,2,34,3,33,16,0,0,0,0,0,0,0,0,0,0,0,0
1253,Katar,Katar,4,41000,0,1200,148,0,0,0,1,2,0,0,0,0,1,0,4096,2,34,3,33,16,0,0,0,0,0,0,0,0,0,0,0,0
1254,Jamadhar,Jamadhar,4,37200,0,1500,165,0,0,0,1,0,0,0,0,0,0,0,4096,2,34,3,33,16,0,0,0,0,0,0,0,0,0,0,0,0
1255,Jamadhar,Jamadhar,4,37200,0,1500,165,0,0,0,1,1,0,0,0,0,0,0,4096,2,34,3,33,16,0,0,0,0,0,0,0,0,0,0,0,0
1701,Bow,Bow,4,1000,0,500,15,0,0,0,5,3,0,0,0,0,0,0,584,2,34,1,4,11,0,0,0,0,0,0,0,0,0,0,0,0
1702,Bow,Bow,4,1000,0,500,15,0,0,0,5,4,0,0,0,0,0,0,584,2,34,1,4,11,0,0,0,0,0,0,0,0,0,0,0,0
1703,Bow,Bow,4,1000,0,500,15,0,0,0,5,0,0,0,0,0,0,0,584,2,34,1,4,11,0,0,0,0,0,0,0,0,0,0,0,0
1715,Arbalest,Arbalest,4,48000,0,1000,90,0,0,0,5,2,0,0,0,0,2,0,584,2,34,3,33,11,0,0,0,0,0,0,0,0,0,0,0,0
1704,Composite_Bow,Composite_Bow,4,2500,0,600,29,0,0,0,5,3,0,0,0,0,0,0,584,2,34,1,4,11,0,0,0,0,0,0,0,0,0,0,0,0
1705,Composite_Bow,Composite_Bow,4,2500,0,600,29,0,0,0,5,4,0,0,0,0,0,0,584,2,34,1,4,11,0,0,0,0,0,0,0,0,0,0,0,0
1706,Composite_Bow,Composite_Bow,4,2500,0,600,29,0,0,0,5,0,0,0,0,0,0,0,584,2,34,1,4,11,0,0,0,0,0,0,0,0,0,0,0,0
1716,Gakkung,Gakkung,4,42000,0,1100,100,0,0,0,5,2,0,0,0,0,0,0,584,2,34,3,33,11,0,0,0,0,0,0,0,0,0,0,0,0
1707,Great_Bow,Great_Bow,4,10000,0,1000,50,0,0,0,5,2,0,0,0,0,0,0,584,2,34,2,18,11,0,0,0,0,0,0,0,0,0,0,0,0
1708,Great_Bow,Great_Bow,4,10000,0,1000,50,0,0,0,5,3,0,0,0,0,0,0,584,2,34,2,18,11,0,0,0,0,0,0,0,0,0,0,0,0
1709,Great_Bow,Great_Bow,4,10000,0,1000,50,0,0,0,5,0,0,0,0,0,0,0,584,2,34,2,18,11,0,0,0,0,0,0,0,0,0,0,0,0
1718,Hunter_Bow,Hunter_Bow,4,64000,0,1500,125,0,0,0,5,0,0,0,0,0,0,0,512,2,34,3,33,11,0,0,0,0,0,0,0,0,0,0,0,0
1710,Cross_Bow,Cross_Bow,4,17000,0,900,65,0,0,0,5,2,0,0,0,0,0,0,584,2,34,2,18,11,0,0,0,0,0,0,0,0,0,0,0,0
1711,Cross_Bow,Cross_Bow,4,17000,0,900,65,0,0,0,5,3,0,0,0,0,0,0,584,2,34,2,18,11,0,0,0,0,0,0,0,0,0,0,0,0
1712,Cross_Bow,Cross_Bow,4,17000,0,900,65,0,0,0,5,0,0,0,0,0,0,0,584,2,34,2,18,11,0,0,0,0,0,0,0,0,0,0,0,0
1719,Roguemaster's_Bow,Roguemaster's_Bow,4,20,0,500,75,0,0,0,9,0,0,0,0,0,0,0,64,2,34,4,48,11,0,0,0,0,0,0,0,0,0,0,0,0
1713,Arbalest,Arbalest,4,48000,0,1000,90,0,0,0,5,1,0,0,0,0,2,0,584,2,34,3,33,11,0,0,0,0,0,0,0,0,0,0,0,0
1714,Gakkung,Gakkung,4,42000,0,1100,100,0,0,0,5,1,0,0,0,0,0,0,584,2,34,3,33,11,0,0,0,0,0,0,0,0,0,0,0,0
1720,Rudra's_Bow,Rudra's_Bow,4,20,0,1000,130,0,0,0,5,0,0,0,0,0,0,0,584,2,34,4,48,11,6,0,0,0,0,0,0,0,0,0,0,0
701,Ora_Ora,Ora_Ora,3,1000,0,200,,,,,,,,,,,,,,,,,,,,,,,,,,,,,,
702,Animal_Gore,Animal_Gore,3,2,0,100,,,,,,,,,,,,,,,,,,,,,,,,,,,,,,
703,Hinalle,Hinalle,3,2,0,10,,,,,,,,,,,,,,,,,,,,,,,,,,,,,,
704,Aloe,Aloe,3,2,0,10,,,,,,,,,,,,,,,,,,,,,,,,,,,,,,
705,Clover,Clover,3,10,0,10,,,,,,,,,,,,,,,,,,,,,,,,,,,,,,
706,Four_Leaf_Clover,Four_Leaf_Clover,3,2,0,10,,,,,,,,,,,,,,,,,,,,,,,,,,,,,,
707,Singing_Plant,Singing_Plant,3,2,0,10
708,Ment,Ment,3,2,0,10
709,Izidor,Izidor,3,2,0,10
710,Illusion_Flower,Illusion_Flower,3,2,0,10
711,Shoot,Shoot,3,2,0,10
712,Flower,Flower,3,2,0,10
713,Empty_Bottle,Empty_Bottle,3,5,0,20
714,Emperium,Emperium,3,2,0,1000
715,Yellow_Gemstone,Yellow_Gemstone,3,600,0,30
716,Red_Gemstone,Red_Gemstone,3,700,0,30
717,Blue_Gemstone,Blue_Gemstone,3,600,0,30
718,Garnet,Garnet,3,5000,0,100
719,Amethyst,Amethyst,3,5000,0,100
720,Aquamarine,Aquamarine,3,5000,0,100
721,Emerald,Emerald,3,5000,0,100
722,Pearl,Pearl,3,5000,0,100
723,Ruby,Ruby,3,5000,0,100
724,Cursed_Ruby,Cursed_Ruby,3,500,0,100
725,Sardonyx,Sardonyx,3,5000,0,100
726,Sapphire,Sapphire,3,5000,0,100
727,Opal,Opal,3,5000,0,100
728,Topaz,Topaz,3,5000,0,100
729,Zircon,Zircon,3,5000,0,100
730,1carat_Diamond,1carat_Diamond,3,10000,0,100
731,2carat_Diamond,2carat_Diamond,3,25000,0,100
732,3carat_Diamond,3carat_Diamond,3,55000,0,100
733,Cracked_Diamond,Cracked_Diamond,3,10,0,100
734,Red_Frame,Red_Frame,3,3000,0,200
735,Chung_Jah,Chung_Jah,3,5000,0,500
736,China,China,3,1000,0,300
737,Black_Ladle,Black_Ladle,3,500,0,50
738,Pencil_Case,Pencil_Case,3,300,0,100
739,Rouge,Rouge,3,10000,0,10
740,Puppet,Puppet,3,3000,0,100
741,Poring_Doll,Poring_Doll,3,1000,0,100
742,Chonchon_Doll,Chonchon_Doll,3,1800,0,100
743,Spore_Doll,Spore_Doll,3,5000,0,100
744,Bouquet,Bouquet,3,2000,0,50
745,Wedding_Bouquet,Wedding_Bouquet,3,10000,0,50
746,Glass_Bead,Glass_Bead,3,1500,0,50
747,Crystal_Mirror,Crystal_Mirror,3,30000,0,50
748,Witherless_Rose,Witherless_Rose,3,50000,0,10
749,Frozen_Rose,Frozen_Rose,3,35000,0,10
750,Baphomet_Doll,Baphomet_Doll,3,6000,0,100
751,Osiris_Doll,Osiris_Doll,3,6000,0,100
752,Rocker_Doll,Rocker_Doll,3,4000,0,100
753,Yoyo_Doll,Yoyo_Doll,3,7000,0,100
754,Racoon_Doll,Racoon_Doll,3,7000,0,100
756,Rough_Oridecon,Rough_Oridecon,3,2,0,200
757,Rough_Elunium,Rough_Elunium,3,2,0,200
901,Daenggie,Daenggie,3,250,0,10
902,Tree_Root,Tree_Root,3,12,0,10
903,Reptile_Tongue,Reptile_Tongue,3,50,0,10
904,Scorpion_Tail,Scorpion_Tail,3,168,0,10
905,Stem,Stem,3,58,0,10
906,Pointed_Scale,Pointed_Scale,3,70,0,10
907,Resin,Resin,3,128,0,10
908,Spawn,Spawn,3,148,0,10
909,Jellopy,Jellopy,3,6,0,10
910,Garlet,Garlet,3,40,0,10
911,Scell,Scell,3,160,0,10
912,Zargon,Zargon,3,500,0,10
913,Tooth_of_Bat,Tooth_of_Bat,3,32,0,10
914,Fluff,Fluff,3,8,0,10
915,Chrysalis,Chrysalis,3,8,0,10
916,Feather_of_Birds,Feather_of_Birds,3,10,0,10
917,Talon,Talon,3,20,0,10
918,Sticky_Webfoot,Sticky_Webfoot,3,20,0,10
919,Animal_Skin,Animal_Skin,3,36,0,10
920,Wolf_Claw,Wolf_Claw,3,58,0,10
921,Mushroom_Spore,Mushroom_Spore,3,36,0,10
922,Orc's_Fang,Orc's_Fang,3,220,0,10
923,Evil_Horn,Evil_Horn,3,1020,0,10
924,Powder_of_Butterfly,Powder_of_Butterfly,3,90,0,10
925,Bill_of_Birds,Bill_of_Birds,3,64,0,10
926,Snake_Scale,Snake_Scale,3,82,0,10
928,Insect_Feeler,Insect_Feeler,3,114,0,10
929,Immortal_Heart,Immortal_Heart,3,374,0,10
930,Rotten_Bandage,Rotten_Bandage,3,358,0,10
931,Orcish_Voucher,Orcish_Voucher,3,168,0,10
932,Skel-Bone,Skel-Bone,3,232,0,10
934,Memento,Memento,3,300,0,10
935,Shell,Shell,3,12,0,10
936,Scale_Shell,Scale_Shell,3,466,0,10
937,Venom_Canine,Venom_Canine,3,158,0,10
938,Sticky_Muscus,Sticky_Muscus,3,70,0,10
939,Bee_Sting,Bee_Sting,3,32,0,10
940,Grasshopper's_Leg,Grasshopper's_Leg,3,36,0,10
941,Nose_Ring,Nose_Ring,3,568,0,10
942,Yoyo_Tail,Yoyo_Tail,3,114,0,10
943,Solid_Shell,Solid_Shell,3,448,0,10
944,Horseshoe,Horseshoe,3,588,0,10
945,Raccoon_Leaf,Raccoon_Leaf,3,106,0,10
946,Snail's_Shell,Snail's_Shell,3,64,0,10
947,Horn,Horn,3,106,0,10
948,Bear's_Footskin,Bear's_Footskin,3,184,0,10
949,Feather,Feather,3,20,0,10
950,Heart_of_Mermaid,Heart_of_Mermaid,3,264,0,10
951,Fin,Fin,3,412,0,10
952,Cactus_Needle,Cactus_Needle,3,82,0,10
953,Stone_Heart,Stone_Heart,3,184,0,10
954,Shining_Scale,Shining_Scale,3,466,0,10
955,Worm_Peeling,Worm_Peeling,3,52,0,10
956,Gill,Gill,3,342,0,10
957,Decayed_Nail,Decayed_Nail,3,82,0,10
958,Horrendous_Mouth,Horrendous_Mouth,3,390,0,10
959,Stinky_Scale,Stinky_Scale,3,168,0,10
960,Nipper,Nipper,3,114,0,10
961,Conch,Conch,3,158,0,10
962,Tentacle,Tentacle,3,70,0,10
963,Sharp_scale,Sharp_scale,3,250,0,10
964,Crap_Shell,Crap_Shell,3,90,0,10
965,Clam_Shell,Clam_Shell,3,2,0,10
966,Clam_Flesh,Clam_Flesh,3,2,0,10
967,Turtle_Shell,Turtle_Shell,3,2,0,10
968,Heroic_Emblem,Heroic_Emblem,3,3000,0,10
969,Gold,Gold,3,10000,0,200
970,Alchol,Alchol,3,100,0,30
971,Detrimindexta,Detrimindexta,3,100,0,30
972,Karvodailnirol,Karvodailnirol,3,100,0,30
973,Counteragent,Counteragent,3,200,0,70
974,Mixture,Mixture,3,200,0,70
975,Scarlet_Dyestuffs,Scarlet_Dyestuffs,3,1000,0,150
976,Lemon_Dyestuffs,Lemon_Dyestuffs,3,1000,0,150
978,Cobaltblue_Dyestuffs,Cobaltblue_Dyestuffs,3,1000,0,150
979,Darkgreen_Dyestuffs,Darkgreen_Dyestuffs,3,1000,0,150
980,Orange_Dyestuffs,Orange_Dyestuffs,3,1000,0,150
981,Violet_Dyestuffs,Violet_Dyestuffs,3,1000,0,150
982,White_Dyestuffs,White_Dyestuffs,3,1000,0,150
983,Black_Dyestuffs,Black_Dyestuffs,3,1000,0,150
984,Oridecon,Oridecon,3,5,0,200
985,Elunium,Elunium,3,5,0,200
986,Anvil,Anvil,3,30000,0,500
987,Oridecon_Anvil,Oridecon_Anvil,3,120000,0,700
988,Golden_Anvil,Golden_Anvil,3,300000,0,900
989,Emperium_Anvil,Emperium_Anvil,3,2,0,1000
990,Red_Blood,Red_Blood,3,1000,0,50
991,Crystal_Blue,Crystal_Blue,3,1000,0,50
992,Wind_of_Verdure,Wind_of_Verdure,3,1000,0,50
993,Green_Live,Green_Live,3,1000,0,50
994,Flame_Heart,Flame_Heart,3,3000,0,300
995,Mystic_Frozen,Mystic_Frozen,3,3000,0,300
996,Rough_Wind,Rough_Wind,3,3000,0,300
997,Great_Nature,Great_Nature,3,3000,0,300
998,Iron,Iron,3,100,0,150
999,Steel,Steel,3,1000,0,400
1000,Star_Crumb,Star_Crumb,3,4500,0,100
1001,Star_Dust,Star_Dust,3,1500,0,10
1002,Iron_Ore,Iron_Ore,3,2,0,300
1003,Coal,Coal,3,500,0,100
1004,Chivalry_Emblem,Chivalry_Emblem,3,2,0,100
1005,Hammer_of_Blacksmith,Hammer_of_Blacksmith,3,2,0,800
1006,Old_Magicbook,Old_Magicbook,3,2,0,30
1007,Necklace_of_Wisdom,Necklace_of_Wisdom,3,2,0,40
1008,Necklace_of_Oblivion,Necklace_of_Oblivion,3,2,0,100
1009,Hand_of_God,Hand_of_God,3,2,0,20
1010,Phracon,Phracon,3,200,0,200
1011,Emveretarcon,Emveretarcon,3,1000,0,200
1012,Frill,Frill,3,250,0,10
1013,Rainbow_Shell,Rainbow_Shell,3,90,0,10
1014,Ant_Jaw,Ant_Jaw,3,232,0,10
1015,Tongue,Tongue,3,528,0,10
1016,Rat_Tail,Rat_Tail,3,52,0,10
1017,Mole_Whiskers,Mole_Whiskers,3,106,0,10
1018,Mole_Claw,Mole_Claw,3,210,0,10
1019,Trunk,Trunk,3,60,0,10
1020,Black_Hair,Black_Hair,3,292,0,10
1021,Dokkaebi_Horn,Dokkaebi_Horn,3,292,0,10
1022,Nine_Tails,Nine_Tails,3,650,0,10
1023,Fish_Tail,Fish_Tail,3,196,0,10
1024,Squid_Ink,Squid_Ink,3,264,0,10
1025,Cobweb,Cobweb,3,184,0,10
1026,Acorn,Acorn,3,98,0,10
1027,Porcupine_Quill,Porcupine_Quill,3,158,0,10
1028,Mane,Mane,3,196,0,10
1029,Tiger_Skin,Tiger_Skin,3,548,0,10
1030,Tiger's_Footskin,Tiger's_Footskin,3,1500,0,10
1031,Mantis_Scythe,Mantis_Scythe,3,196,0,10
1032,Maneater_Blossom,Maneater_Blossom,3,196,0,10
1033,Maneater_Root,Maneater_Root,3,208,0,10
1034,Blue_Hair,Blue_Hair,3,342,0,10
1035,Dragon_Canine,Dragon_Canine,3,484,0,10
1036,Dragon_Scale,Dragon_Scale,3,500,0,10
1037,Dragon_Tail,Dragon_Tail,3,1200,0,10
1038,Little_Evil_Horn,Little_Evil_Horn,3,528,0,10
1039,Little_Evil_Wing,Little_Evil_Wing,3,2000,0,10
1040,Elder_Pixie's_Moustache,Elder_Pixie's_Moustache,3,232,0,10
1041,Lantern,Lantern,3,250,0,10
1042,Bug_Leg,Bug_Leg,3,430,0,10
1043,Orc_Claw,Orc_Claw,3,168,0,10
1044,Zenorc's_Fang,Zenorc's_Fang,3,264,0,10
1045,Cultish_Masque,Cultish_Masque,3,412,0,10
1046,Scorpion_Nipper,Scorpion_Nipper,3,614,0,10
1047,Dead_Medusa,Dead_Medusa,3,548,0,10
1048,Horrendous_Hair,Horrendous_Hair,3,800,0,10
1049,Skirt_of_Virgin,Skirt_of_Virgin,3,1700,0,10
1050,Tendon,Tendon,3,220,0,10
1051,Detonator,Detonator,3,450,0,10
1052,Single_Cell,Single_Cell,3,46,0,10
1053,Ancient_Tooth,Ancient_Tooth,3,548,0,10
1054,Ancient_Lips,Ancient_Lips,3,1000,0,10
1055,Earthworm_Peeling,Earthworm_Peeling,3,196,0,10
1056,Grit,Grit,3,306,0,10
1057,Moth_Dust,Moth_Dust,3,138,0,10
1058,Moth_Wings,Moth_Wings,3,200,0,10
1059,Fabric,Fabric,3,306,0,10
1060,Golden_Hair,Golden_Hair,3,430,0,10
1061,Witched_Starsand,Witched_Starsand,3,484,0,10
1062,Jack_o'_Pumpkin,Jack_o'_Pumpkin,3,374,0,10
1063,Fang,Fang,3,680,0,10
1064,Reins,Reins,3,802,0,10
1065,Trap,Trap,3,100,0,100
1066,Fine-grained_Trunk,Fine-grained_Trunk,3,2,0,10
1067,Solid_Trunk,Solid_Trunk,3,2,0,10
1068,Barren_Trunk,Barren_Trunk,3,2,0,10
1069,Orange_Net_Mushroom,Orange_Net_Mushroom,3,2,0,10
1070,Orange_Gooey_Mushroom_,Orange_Gooey_Mushroom_,3,2,0,10
1071,Unknown_Testtube,Unknown_Testtube,3,2,0,10
1072,DEL_Message,DEL_Message,3,2,0,10
1073,Voucher,Voucher,3,2,0,10
1074,Voucher,Voucher,3,2,0,10
1075,Voucher,Voucher,3,2,0,10
1076,Voucher,Voucher,3,2,0,10
1077,Voucher,Voucher,3,2,0,10
1078,Voucher,Voucher,3,2,0,10
1079,Voucher,Voucher,3,2,0,10
1080,Voucher,Voucher,3,2,0,10
1081,DEL_Box,DEL_Box,3,2,0,120
1082,DEL_Box_,DEL_Box_,3,2,0,120
1083,DEL_Box__,DEL_Box__,3,2,0,120
1084,Kafra_Pass,Kafra_Pass,3,2,0,10
1085,Unknown_Testtube,Unknown_Testtube,3,2,0,10
1086,Unknown_Testtube,Unknown_Testtube,3,2,0,10
1087,Unknown_Testtube,Unknown_Testtube,3,2,0,10
1088,Morroc_Solution,Morroc_Solution,3,2,0,10
1089,Payon_Solution,Payon_Solution,3,2,0,10
1090,Unknown_Testtube,Unknown_Testtube,3,2,0,10
1091,DEL_Box,DEL_Box,3,2,0,120
1092,Empty_Testtube,Empty_Testtube,3,3,0,10
1093,Empty_Potion_Bottle,Empty_Potion_Bottle,3,10,0,10
501,Red_Potion,Red_Potion,0,50,0,100,,,,,,,,,,,,,,,,,,,,0,30,75,0,0
502,Orange_Potion,Orange_Potion,0,200,0,130,,,,,,,,,,,,,,,,,,,,0,50,120,0,0
503,Yellow_potion,Yellow_potion,0,550,0,160,,,,,,,,,,,,,,,,,,,,0,80,185,0,0
504,White_Potion,White_Potion,0,1200,0,200,,,,,,,,,,,,,,,,,,,,0,120,270,0,0
505,Blue_Potion,Blue_Potion,0,5000,0,200,,,,,,,,,,,,,,,,,,,,0,0,0,40,100
506,Green_Potion,Green_Potion,0,40,0,60,,,,,,,,,,,,,,,,,,,,21,0,0,0,0
507,Red_Herb,Red_Herb,0,18,0,40,,,,,,,,,,,,,,,,,,,,0,12,32,0,0
508,Yellow_Herb,Yellow_Herb,0,40,0,70,,,,,,,,,,,,,,,,,,,,0,20,50,0,0
509,White_Herb,White_Herb,0,120,0,90,,,,,,,,,,,,,,,,,,,,0,35,85,0,0
510,Blue_Herb,Blue_Herb,0,60,0,90,,,,,,,,,,,,,,,,,,,,0,0,0,10,28
511,Green_Herb,Green_Herb,0,10,0,20,,,,,,,,,,,,,,,,,,,,1,0,0,0,0
512,Apple,Apple,0,15,0,30,,,,,,,,,,,,,,,,,,,,0,12,28,0,0
513,Banana,Banana,0,15,0,30,,,,,,,,,,,,,,,,,,,,0,11,27,0,0
514,Grape,Grape,0,200,0,30,,,,,,,,,,,,,,,,,,,,0,0,0,8,20
515,Carrot,Carrot,0,15,0,30,,,,,,,,,,,,,,,,,,,,0,13,29,0,0
516,Sweet_Potato,Sweet_Potato,0,15,0,30,,,,,,,,,,,,,,,,,,,,0,10,26,0,0
517,Meat,Meat,0,55,0,200,,,,,,,,,,,,,,,,,,,,0,40,95,0,0
518,Honey,Honey,0,500,0,150,,,,,,,,,,,,,,,,,,,,0,45,110,5,15
519,Milk,Milk,0,25,0,50,,,,,,,,,,,,,,,,,,,,0,15,37,0,0
520,Hinalle_Leaflet,Hinalle_Leaflet,0,150,0,50,,,,,,,,,,,,,,,,,,,,0,30,75,0,0
521,Aloe_Leaflet,Aloe_Leaflet,0,360,0,50,,,,,,,,,,,,,,,,,,,,0,45,110,0,0
522,Mastela_Fruit,Mastela_Fruit,0,840,0,50,,,,,,,,,,,,,,,,,,,,0,60,150,0,0
523,Holy_Water,Holy_Water,0,20,0,100,,,,,,,,,,,,,,,,,,,,2,0,0,0,0
525,Panacea,Panacea,0,500,0,200,,,,,,,,,,,,,,,,,,,,31,0,0,0,0
526,Royal_Jelly,Royal_Jelly,0,7000,0,200,,,,,,,,,,,,,,,,,,,,31,80,200,40,100
528,Monster's_Feed,Monster's_Feed,0,60,0,200,,,,,,,,,,,,,,,,,,,,0,40,95,0,0
529,Candy,Candy,0,10,0,30,,,,,,,,,,,,,,,,,,,,0,30,75,0,0
530,Candy_Cane,Candy_Cane,0,20,0,40,,,,,,,,,,,,,,,,,,,,0,45,110,0,0
531,Apple_Juice,Apple_Juice,0,20,0,50,,,,,,,,,,,,,,,,,,,,0,15,35,0,0
532,Banana_Juice,Banana_Juice,0,20,0,50,,,,,,,,,,,,,,,,,,,,0,14,34,0,0
533,Grape_Juice,Grape_Juice,0,250,0,50,,,,,,,,,,,,,,,,,,,,0,0,0,10,30
534,Carrot_Juice,Carrot_Juice,0,20,0,50,,,,,,,,,,,,,,,,,,,,0,16,36,0,0
535,Pumkin,Pumkin,0,15,0,30,,,,,,,,,,,,,,,,,,,,0,12,28,0,0
536,Ice_Cream,Ice_Cream,0,2,,,,,,,,,,,,,,,,,,,,,,,,,,
601,Fly_Wing,Fly_Wing,2,100,1,50,,,,,,,,,,,,,,,,,,,,0,,,,
602,Butterfly_Wing,Butterfly_Wing,2,500,1,50,,,,,,,,,,,,,,,,,,,,0,,,,
603,Old_Blue_Box,Old_Blue_Box,2,2,0,200,,,,,,,,,,,,,,,,,,,,0,,,,
604,Dead_Branch,Dead_Branch,2,2,0,50,,,,,,,,,,,,,,,,,,,,0,,,,
605,Anodyne,Anodyne,2,1000,0,100,,,,,,,,,,,,,,,,,,,,0,,,,
606,Aloevera,Aloevera,2,2,0,100,,,,,,,,,,,,,,,,,,,,0,,,,
607,Yggdrasilberry,Yggdrasilberry,2,2,0,300,,,,,,,,,,,,,,,,,,,,0,,,,
608,Yggdrasil_Seed,Yggdrasil_Seed,2,2,0,300,,,,,,,,,,,,,,,,,,,,0,,,,
609,Amulet,Amulet,2,100,0,100,,,,,,,,,,,,,,,,,,,,0,,,,
610,Yggdrasil_Leaf,Yggdrasil_Leaf,2,2000,1,100,,,,,,,,,,,,,,,,,,,,0,,,,
611,Magnifier,Magnifier,2,40,0,50,,,,,,,,,,,,,,,,,,,,0,,,,
612,Mini_Furnace,Mini_Furnace,2,150,0,200,,,,,,,,,,,,,,,,,,,,0,,,,
613,Iron_Hammer,Iron_Hammer,2,1000,0,200,,,,,,,,,,,,,,,,,,,,0,,,,
614,Golden_Hammer,Golden_Hammer,2,3000,0,300,,,,,,,,,,,,,,,,,,,,0,,,,
615,Oridecon_Hammer,Oridecon_Hammer,2,5000,0,400,,,,,,,,,,,,,,,,,,,,0,,,,,,,,,,
1101,Sword,Sword,4,100,0,500,25,0,0,0,1,3,0,0,0,0,0,0,6371,2,2,1,2,2,0,0,0,0,0,0,0,0,0,0,0,0
1102,Sword,Sword,4,100,0,500,25,0,0,0,1,4,0,0,0,0,0,0,6371,2,2,1,2,2,0,0,0,0,0,0,0,0,0,0,0,0
1103,Sword,Sword,4,100,0,500,25,0,0,0,1,0,0,0,0,0,0,0,6371,2,2,1,2,2,0,0,0,0,0,0,0,0,0,0,0,0
1104,Falchion,Falchion,4,1500,0,600,39,0,0,0,1,3,0,0,0,0,0,0,6371,2,2,1,2,2,0,0,0,0,0,0,0,0,0,0,0,0
1105,Falchion,Falchion,4,1500,0,600,39,0,0,0,1,4,0,0,0,0,0,0,6371,2,2,1,2,2,0,0,0,0,0,0,0,0,0,0,0,0
1106,Falchion,Falchion,4,1500,0,600,39,0,0,0,1,0,0,0,0,0,0,0,6371,2,2,1,2,2,0,0,0,0,0,0,0,0,0,0,0,0
1107,Blade,Blade,4,2900,0,700,53,0,0,0,1,3,0,0,0,0,0,0,6371,2,2,1,2,2,0,0,0,0,0,0,0,0,0,0,0,0
1108,Blade,Blade,4,2900,0,700,53,0,0,0,1,4,0,0,0,0,0,0,6371,2,2,1,2,2,0,0,0,0,0,0,0,0,0,0,0,0
1109,Blade,Blade,4,2900,0,700,53,0,0,0,1,0,0,0,0,0,0,0,6371,2,2,1,2,2,0,0,0,0,0,0,0,0,0,0,0,0
1110,Rapier,Rapier,4,10000,0,500,70,0,0,0,1,2,0,0,0,0,0,0,6371,2,2,2,14,2,0,0,0,0,0,0,0,0,0,0,0,0
1111,Rapier,Rapier,4,10000,0,500,70,0,0,0,1,3,0,0,0,0,0,0,6371,2,2,2,14,2,0,0,0,0,0,0,0,0,0,0,0,0
1112,Rapier,Rapier,4,10000,0,500,70,0,0,0,1,0,0,0,0,0,0,0,6371,2,2,2,14,2,0,0,0,0,0,0,0,0,0,0,0,0
1113,Scimiter,Scimiter,4,17000,0,700,85,0,0,0,1,2,0,0,0,0,0,0,6371,2,2,2,14,2,0,0,0,0,0,0,0,0,0,0,0,0
1114,Scimiter,Scimiter,4,17000,0,700,85,0,0,0,1,3,0,0,0,0,0,0,6371,2,2,2,14,2,0,0,0,0,0,0,0,0,0,0,0,0
1115,Scimiter,Scimiter,4,17000,0,700,85,0,0,0,1,3,0,0,0,0,0,0,6371,2,2,2,14,2,0,0,0,0,0,0,0,0,0,0,0,0
1119,Tsurugi,Tsurugi,4,51000,0,1200,130,0,0,0,1,1,0,0,0,0,0,0,6371,2,2,3,27,2,0,0,0,0,0,0,0,0,0,0,0,0
1120,Tsurugi,Tsurugi,4,51000,0,1200,130,0,0,0,1,2,0,0,0,0,0,0,6371,2,2,3,27,2,0,0,0,0,0,0,0,0,0,0,0,0
1121,Tsurugi,Tsurugi,4,51000,0,1200,130,0,0,0,1,0,0,0,0,0,0,0,6371,2,2,3,27,2,0,0,0,0,0,0,0,0,0,0,0,0
1122,Ring_Pommel_Saber,Ring_Pommel_Saber,4,24000,0,900,100,0,0,0,1,2,0,0,0,0,0,0,6371,2,2,2,14,2,0,0,0,0,0,0,0,0,0,0,0,0
1123,Haedonggum,Haedonggum,4,50000,0,900,120,0,0,0,1,1,0,0,0,3,0,0,6371,2,2,3,27,2,0,0,0,0,0,0,0,0,0,0,0,0
1124,Orcish_Sword,Orcish_Sword,4,20,0,800,90,0,0,0,1,0,0,0,0,0,0,0,6371,2,2,4,40,2,0,0,0,0,0,0,0,0,0,0,0,0
1125,Ring_Pommel_Saber,Ring_Pommel_Saber,4,24000,0,900,100,0,0,0,1,3,0,0,0,0,0,0,6371,2,2,2,14,2,0,0,0,0,0,0,0,0,0,0,0,0
1126,Saber,Saber,4,49000,0,1000,115,0,0,0,1,2,0,0,0,0,0,0,6371,2,2,3,27,2,0,0,0,0,0,0,0,0,0,0,0,0
1127,Saber,Saber,4,49000,0,1000,115,0,0,0,1,3,0,0,0,0,0,0,6371,2,2,3,27,2,0,0,0,0,0,0,0,0,0,0,0,0
1128,Haedonggum,Haedonggum,4,50000,0,900,120,0,0,0,1,2,0,0,0,3,0,0,6371,2,2,3,27,2,0,0,0,0,0,0,0,0,0,0,0,0
1129,Flamberge,Flamberge,4,60000,0,1500,150,0,0,0,1,0,0,0,0,0,0,0,6371,2,2,3,27,2,0,0,0,0,0,0,0,0,0,0,0,0
1130,Nagan,Nagan,4,20,0,500,120,0,0,0,1,0,0,0,0,0,0,0,6371,2,2,4,40,2,0,0,0,0,0,0,0,0,0,0,0,0
1131,Ice_Falchion,Ice_Falchion,4,20,0,600,100,0,0,0,1,0,0,0,0,0,0,0,6371,2,2,4,40,2,1,0,0,0,0,0,0,0,0,0,0,0
1132,Edge,Edge,4,20,0,700,115,0,0,0,1,0,0,0,0,0,0,0,6371,2,2,4,40,2,0,0,0,0,0,0,0,0,0,0,0,0
1133,Fireblend,Fireblend,4,20,0,500,100,0,0,0,1,0,0,0,0,0,0,0,6371,2,2,4,40,2,3,0,0,0,0,0,0,0,0,0,0,0
1134,Caesar's_Sword,Caesar's_Sword,4,20,0,700,140,0,0,0,1,0,0,0,0,0,0,0,6371,2,2,4,40,2,0,0,0,0,0,0,0,0,0,0,0,0
1135,Cutlus,Cutlus,4,20,0,900,150,0,0,0,1,0,0,0,0,0,0,0,6371,2,2,4,40,2,0,0,0,0,0,0,0,0,0,0,0,0
1136,Solar_Sword,Solar_Sword,4,20,0,1200,70,0,0,0,1,0,0,0,0,0,0,0,6371,2,2,4,40,2,3,0,0,0,0,0,0,0,0,0,0,0
1137,Excalibur,Excalibur,4,20,0,1200,150,0,0,0,1,0,0,0,0,5,0,0,6371,2,2,4,40,2,6,0,0,0,0,0,0,0,0,0,0,0
1138,Mysteltain,Mysteltain,4,20,0,1000,160,0,0,0,1,0,0,0,0,0,0,0,6371,2,2,4,40,2,7,0,0,0,0,0,0,0,0,0,0,0
1139,Talefing,Talefing,4,20,0,1000,185,0,0,0,1,0,0,0,0,0,0,0,6371,2,2,4,40,2,7,0,0,0,0,0,0,0,0,0,0,0
1140,Byeollungum,Byeollungum,4,20,0,900,150,0,0,0,1,0,0,0,0,0,0,0,6371,2,2,4,40,2,0,0,0,0,0,0,0,0,0,0,0,0
1141,Immaterial_Sword,Immaterial_Sword,4,20,0,900,140,0,0,0,1,0,0,0,0,0,0,0,6371,2,2,4,40,2,8,0,0,0,0,0,0,0,0,0,0,0
1201,Knife,Knife,4,50,0,400,17,0,0,0,1,3,0,0,0,0,0,0,7151,2,2,1,1,1,0,0,0,0,0,0,0,0,0,0,0,0
1202,Knife,Knife,4,50,0,400,17,0,0,0,1,4,0,0,0,0,0,0,7151,2,2,1,1,1,0,0,0,0,0,0,0,0,0,0,0,0
1203,Knife,Knife,4,50,0,400,17,0,0,0,1,0,0,0,0,0,0,0,7151,2,2,1,1,1,0,0,0,0,0,0,0,0,0,0,0,0
1204,Cutter,Cutter,4,1250,0,500,30,0,0,0,1,3,0,0,0,0,0,0,7151,2,2,1,1,1,0,0,0,0,0,0,0,0,0,0,0,0
1205,Cutter,Cutter,4,1250,0,500,30,0,0,0,1,4,0,0,0,0,0,0,7151,2,2,1,1,1,0,0,0,0,0,0,0,0,0,0,0,0
1206,Cutter,Cutter,4,1250,0,500,30,0,0,0,1,0,0,0,0,0,0,0,7151,2,2,1,1,1,0,0,0,0,0,0,0,0,0,0,0,0
1207,Main_Gauche,Main_Gauche,4,2400,0,600,43,0,0,0,1,3,0,0,0,0,0,0,7151,2,2,1,1,1,0,0,0,0,0,0,0,0,0,0,0,0
1208,Main_Gauche,Main_Gauche,4,2400,0,600,43,0,0,0,1,4,0,0,0,0,0,0,7151,2,2,1,1,1,0,0,0,0,0,0,0,0,0,0,0,0
1209,Main_Gauche,Main_Gauche,4,2400,0,600,43,0,0,0,1,0,0,0,0,0,0,0,7151,2,2,1,1,1,0,0,0,0,0,0,0,0,0,0,0,0
1210,Dirk,Dirk,4,8500,0,500,59,0,0,0,1,2,0,0,0,0,0,0,7151,2,2,2,12,1,0,0,0,0,0,0,0,0,0,0,0,0
1211,Dirk,Dirk,4,8500,0,500,59,0,0,0,1,3,0,0,0,0,0,0,7151,2,2,2,12,1,0,0,0,0,0,0,0,0,0,0,0,0
1212,Dirk,Dirk,4,8500,0,500,59,0,0,0,1,0,0,0,0,0,0,0,7151,2,2,2,12,1,0,0,0,0,0,0,0,0,0,0,0,0
1213,Dagger,Dagger,4,14000,0,600,73,0,0,0,1,2,0,0,0,0,0,0,7151,2,2,2,12,1,0,0,0,0,0,0,0,0,0,0,0,0
1214,Dagger,Dagger,4,14000,0,600,73,0,0,0,1,3,0,0,0,0,0,0,7151,2,2,2,12,1,0,0,0,0,0,0,0,0,0,0,0,0
1215,Dagger,Dagger,4,14000,0,600,73,0,0,0,1,0,0,0,0,0,0,0,7151,2,2,2,12,1,0,0,0,0,0,0,0,0,0,0,0,0
1216,Stiletto,Stiletto,4,19500,0,700,87,0,0,0,1,2,0,0,0,0,0,0,7151,2,2,2,12,1,0,0,0,0,0,0,0,0,0,0,0,0
1217,Stiletto,Stiletto,4,19500,0,700,87,0,0,0,1,3,0,0,0,0,0,0,7151,2,2,2,12,1,0,0,0,0,0,0,0,0,0,0,0,0
1218,Stiletto,Stiletto,4,19500,0,700,87,0,0,0,1,0,0,0,0,0,0,0,7151,2,2,2,12,1,0,0,0,0,0,0,0,0,0,0,0,0
1219,Gladius,Gladius,4,43000,0,700,105,0,0,0,1,2,0,0,0,0,0,0,7151,2,2,3,24,1,0,0,0,0,0,0,0,0,0,0,0,0
1220,Gladius,Gladius,4,43000,0,700,105,0,0,0,1,3,0,0,0,0,0,0,7151,2,2,3,24,1,0,0,0,0,0,0,0,0,0,0,0,0
1221,Gladius,Gladius,4,43000,0,700,105,0,0,0,1,0,0,0,0,0,0,0,7151,2,2,3,24,1,0,0,0,0,0,0,0,0,0,0,0,0
1222,Damascus,Damascus,4,49000,0,800,118,0,0,0,1,1,0,0,0,0,0,0,7151,2,2,3,24,1,0,0,0,0,0,0,0,0,0,0,0,0
1223,Fortune_Sword,Fortune_Sword,4,20,0,500,90,0,0,0,1,0,0,0,0,0,0,5,7151,2,2,4,36,1,0,0,0,0,0,0,0,0,0,0,0,0
1224,Swordbreaker,Swordbreaker,4,20,0,1000,40,0,0,0,1,0,0,0,0,0,0,0,7151,2,2,4,36,1,0,0,0,0,0,0,0,0,0,0,0,0
1225,Mailbreaker,Mailbreaker,4,20,0,1000,40,0,0,0,1,0,0,0,0,0,0,0,7151,2,2,4,36,1,0,0,0,0,0,0,0,0,0,0,0,0
1226,Damascus,Damascus,4,49000,0,800,118,0,0,0,1,2,0,0,0,0,0,0,7151,2,2,3,24,1,0,0,0,0,0,0,0,0,0,0,0,0
1227,Weeder_Knife,Weeder_Knife,4,20,0,400,80,0,0,0,1,0,0,0,0,0,0,0,7151,2,2,4,36,1,0,0,0,0,0,0,0,0,0,0,0,0
1228,Combat_Knife,Combat_Knife,4,20,0,400,80,0,0,0,1,0,0,0,0,0,0,0,7151,2,2,4,36,1,0,0,0,0,0,0,0,0,0,0,0,0
1229,Mama's_Knife,Mama's_Knife,4,20,0,500,75,0,0,0,1,0,0,0,0,0,0,0,7151,2,2,4,36,1,0,0,0,0,0,0,0,0,0,0,0,0
1230,House_Auger,House_Auger,4,20,0,600,80,0,0,0,1,0,0,0,0,0,0,0,7151,2,2,4,36,1,0,0,0,0,0,0,0,0,0,0,0,0
1231,Bazerald,Bazerald,4,20,0,500,70,0,0,0,1,0,0,0,0,0,0,0,7151,2,2,4,36,1,3,0,0,0,0,0,0,0,0,0,0,0
1232,Assassin Dagger,Assassin Dagger,4,20,0,600,125,0,0,0,1,0,0,0,0,0,0,0,7151,2,2,4,36,1,7,0,0,0,0,0,0,0,0,0,0,0
1233,Excorcise,Excorcise,4,20,0,700,90,0,0,0,1,0,0,0,0,0,0,0,7151,2,2,4,36,1,0,0,0,0,0,0,0,0,0,0,0,0
1234,Walgwanggum,Walgwanggum,4,20,0,700,50,0,0,0,1,0,0,0,0,0,0,0,7151,2,2,4,36,1,0,0,0,0,0,0,0,0,0,0,0,0
1235,Azoth,Azoth,4,20,0,700,110,0,0,0,1,0,0,0,0,0,0,0,7151,2,2,4,36,1,0,0,0,0,0,0,0,0,0,0,0,0
1236,Sucsamad,Sucsamad,4,20,0,800,140,0,0,0,1,0,0,0,0,0,0,0,7151,2,2,4,36,1,0,0,0,0,0,0,0,0,0,0,0,0
1237,Grimtooth,Grimtooth,4,20,0,800,150,0,0,0,1,0,0,0,0,0,0,0,7151,2,2,4,36,1,0,0,0,0,0,0,0,0,0,0,0,0
1301,Axe,Axe,4,500,0,1200,35,0,0,0,1,3,0,0,0,0,0,0,6371,2,2,1,3,6,0,0,0,0,0,0,0,0,0,0,0,0
1302,Axe,Axe,4,500,0,1200,35,0,0,0,1,4,0,0,0,0,0,0,6371,2,2,1,3,6,0,0,0,0,0,0,0,0,0,0,0,0
1303,Axe,Axe,4,500,0,1200,35,0,0,0,1,0,0,0,0,0,0,0,6371,2,2,1,3,6,0,0,0,0,0,0,0,0,0,0,0,0
1304,Orcish_Axe,Orcish_Axe,4,20,0,2000,60,0,0,0,1,0,0,0,0,0,0,0,6371,2,2,4,3,6,0,0,0,0,0,0,0,0,0,0,0,0
1305,Cleaver,Cleaver,4,20,0,120,140,0,0,0,1,0,0,0,0,0,0,0,6371,2,2,4,44,6,0,0,0,0,0,0,0,0,0,0,0,0
1401,Javelin,Javelin,4,150,0,700,28,0,0,0,3,3,0,0,0,0,0,0,130,2,2,1,4,4,0,0,0,0,0,0,0,0,0,0,0,0
1402,Javelin,Javelin,4,150,0,700,28,0,0,0,3,4,0,0,0,0,0,0,130,2,2,1,4,4,0,0,0,0,0,0,0,0,0,0,0,0
1403,Javelin,Javelin,4,150,0,700,28,0,0,0,3,0,0,0,0,0,0,0,130,2,2,1,4,4,0,0,0,0,0,0,0,0,0,0,0,0
1404,Spear,Spear,4,1700,0,850,44,0,0,0,3,3,0,0,0,0,0,0,130,2,2,1,4,4,0,0,0,0,0,0,0,0,0,0,0,0
1405,Spear,Spear,4,1700,0,850,44,0,0,0,3,4,0,0,0,0,0,0,130,2,2,1,4,4,0,0,0,0,0,0,0,0,0,0,0,0
1406,Spear,Spear,4,1700,0,850,44,0,0,0,3,0,0,0,0,0,0,0,130,2,2,1,4,4,0,0,0,0,0,0,0,0,0,0,0,0
1407,Pike,Pike,4,3450,0,1000,60,0,0,0,3,3,0,0,0,0,0,0,130,2,2,1,4,4,0,0,0,0,0,0,0,0,0,0,0,0
1408,Pike,Pike,4,3450,0,1000,60,0,0,0,3,4,0,0,0,0,0,0,130,2,2,1,4,4,0,0,0,0,0,0,0,0,0,0,0,0
1409,Pike,Pike,4,3450,0,1000,60,0,0,0,3,0,0,0,0,0,0,0,130,2,2,1,4,4,0,0,0,0,0,0,0,0,0,0,0,0
1413,Gungnir,Gungnir,4,20,0,500,95,0,0,0,3,0,0,0,0,0,0,0,130,2,2,4,4,4,4,0,0,0,0,0,0,0,0,0,0,0
1414,Gelerdria,Gelerdria,4,20,0,700,145,0,0,0,3,0,0,0,0,0,0,0,130,2,2,4,48,4,2,0,0,0,0,0,0,0,0,0,0,0
1415,Brocca,Brocca,4,20,0,850,85,0,0,0,3,0,0,0,0,0,0,0,130,2,2,4,48,4,0,0,0,0,0,0,0,0,0,0,0,0
1416,Tjungkuletti,Tjungkuletti,4,20,0,1000,100,0,0,0,3,0,0,0,0,0,0,0,130,2,2,4,48,4,0,0,0,0,0,0,0,0,0,0,0,0
1501,Club,Club,4,120,0,700,23,0,0,0,1,3,0,0,0,0,0,0,3251,2,2,1,2,8,0,0,0,0,0,0,0,0,0,0,0,0
1502,Club,Club,4,120,0,700,23,0,0,0,1,4,0,0,0,0,0,0,3251,2,2,1,2,8,0,0,0,0,0,0,0,0,0,0,0,0
1503,Club,Club,4,120,0,700,23,0,0,0,1,0,0,0,0,0,0,0,3251,2,2,1,2,8,0,0,0,0,0,0,0,0,0,0,0,0
1504,Mace,Mace,4,1600,0,800,37,0,0,0,1,3,0,0,0,0,0,0,3251,2,2,1,2,8,0,0,0,0,0,0,0,0,0,0,0,0
1505,Mace,Mace,4,1600,0,800,37,0,0,0,1,4,0,0,0,0,0,0,3251,2,2,1,2,8,0,0,0,0,0,0,0,0,0,0,0,0
1506,Mace,Mace,4,1600,0,800,37,0,0,0,1,0,0,0,0,0,0,0,3251,2,2,1,2,8,0,0,0,0,0,0,0,0,0,0,0,0
1507,Smasher,Smasher,4,9000,0,1000,54,0,0,0,1,2,0,0,0,0,0,0,3251,2,2,2,14,8,0,0,0,0,0,0,0,0,0,0,0,0
1508,Smasher,Smasher,4,9000,0,1000,54,0,0,0,1,3,0,0,0,0,0,0,3251,2,2,2,14,8,0,0,0,0,0,0,0,0,0,0,0,0
1509,Smasher,Smasher,4,9000,0,1000,54,0,0,0,1,3,0,0,0,0,0,0,3251,2,2,2,14,8,0,0,0,0,0,0,0,0,0,0,0,0
1510,Flail,Flail,4,16000,0,900,69,0,0,0,1,2,0,0,0,0,0,0,3251,2,2,2,14,8,0,0,0,0,0,0,0,0,0,0,0,0
1511,Flail,Flail,4,16000,0,900,69,0,0,0,1,3,0,0,0,0,0,0,3251,2,2,2,14,8,0,0,0,0,0,0,0,0,0,0,0,0
1512,Flail,Flail,4,16000,0,900,69,0,0,0,1,3,0,0,0,0,0,0,3251,2,2,2,14,8,0,0,0,0,0,0,0,0,0,0,0,0
1513,Morning_Star,Morning_Star,4,41000,0,1500,110,0,0,0,1,1,0,0,0,0,0,0,3251,2,2,3,27,8,0,0,0,0,0,0,0,0,0,0,0,0
1514,Morning_Star,Morning_Star,4,41000,0,1500,110,0,0,0,1,2,0,0,0,0,0,0,3251,2,2,3,27,8,0,0,0,0,0,0,0,0,0,0,0,0
1515,Morning_Star,Morning_Star,4,41000,0,1500,110,0,0,0,1,2,0,0,0,0,0,0,3251,2,2,3,27,8,0,0,0,0,0,0,0,0,0,0,0,0
1516,Sword_Mace,Sword_Mace,4,50000,0,1200,130,0,0,0,1,0,0,0,0,0,0,0,3251,2,2,3,27,8,0,0,0,0,0,0,0,0,0,0,0,0
1517,Sword_Mace,Sword_Mace,4,50000,0,1200,130,0,0,0,1,1,0,0,0,0,0,0,3251,2,2,3,27,8,0,0,0,0,0,0,0,0,0,0,0,0
1518,Sword_Mace,Sword_Mace,4,50000,0,1200,130,0,0,0,1,1,0,0,0,0,0,0,3251,2,2,3,27,8,0,0,0,0,0,0,0,0,0,0,0,0
1519,Chain,Chain,4,23000,0,800,84,0,0,0,1,2,0,0,0,0,0,0,3251,2,2,2,14,8,0,0,0,0,0,0,0,0,0,0,0,0
1520,Chain,Chain,4,23000,0,800,84,0,0,0,1,3,0,0,0,0,0,0,3251,2,2,2,14,8,0,0,0,0,0,0,0,0,0,0,0,0
1521,Chain,Chain,4,23000,0,800,84,0,0,0,1,3,0,0,0,0,0,0,3251,2,2,2,14,8,0,0,0,0,0,0,0,0,0,0,0,0
1522,Stunner,Stunner,4,60000,0,2000,140,0,0,0,1,0,0,0,0,0,0,0,1024,2,2,3,27,8,0,0,0,0,0,0,0,0,0,0,0,0
1523,Spike,Spike,4,20,0,700,70,0,0,0,1,0,0,0,0,0,0,0,3251,2,2,4,40,8,0,0,0,0,0,0,0,0,0,0,0,0
1524,Golden_Mace,Golden_Mace,4,20,0,800,130,0,0,0,1,0,0,0,0,0,0,0,3251,2,2,4,40,8,0,0,0,0,0,0,0,0,0,0,0,0
1525,Long_Mace,Long_Mace,4,20,0,800,135,0,0,0,2,0,0,0,0,0,0,0,3251,2,2,4,40,8,0,0,0,0,0,0,0,0,0,0,0,0
1526,Slash,Slash,4,20,0,1000,145,0,0,0,1,0,0,0,0,0,0,0,3251,2,2,4,40,8,0,0,0,0,0,0,0,0,0,0,0,0
1527,Quadrille,Quadrille,4,20,0,900,165,0,0,0,1,0,0,0,0,0,0,0,3251,2,2,4,40,8,0,0,0,0,0,0,0,0,0,0,0,0
1528,Grand_Cross,Grand_Cross,4,20,0,1500,140,0,0,0,1,0,0,0,0,0,0,0,3251,2,2,4,40,8,6,0,0,0,0,0,0,0,0,0,0,0
1550,Book,Book,4,30000,0,600,100,0,0,0,1,0,0,0,0,0,0,0,1024,2,2,2,14,15,0,0,0,0,0,0,0,0,0,0,0,0
1551,Bible,Bible,4,60000,0,1000,139,0,0,0,1,0,0,0,0,2,0,0,1024,2,2,3,27,15,0,0,0,0,0,0,0,0,0,0,0,0
1552,Tablet,Tablet,4,51000,0,800,151,0,0,0,1,0,0,0,0,0,0,0,1024,2,2,3,27,15,0,0,0,0,0,0,0,0,0,0,0,0
1601,Rod,Rod,4,50,0,400,15,0,0,0,1,3,0,0,0,0,0,0,1301,2,2,1,1,10,0,0,0,0,0,0,0,0,0,0,0,0
1602,Rod,Rod,4,50,0,400,15,0,0,0,1,4,0,0,0,0,0,0,1301,2,2,1,1,10,0,0,0,0,0,0,0,0,0,0,0,0
1603,Rod,Rod,4,50,0,400,15,0,0,0,1,0,0,0,0,0,0,0,1301,2,2,1,1,10,0,0,0,0,0,0,0,0,0,0,0,0
1604,Wand,Wand,4,2500,0,400,25,0,0,0,1,2,0,0,0,1,0,0,1301,2,2,2,12,10,0,0,0,0,0,0,0,0,0,0,0,0
1605,Wand,Wand,4,2500,0,400,25,0,0,0,1,3,0,0,0,1,0,0,1301,2,2,2,12,10,0,0,0,0,0,0,0,0,0,0,0,0
1606,Wand,Wand,4,2500,0,400,25,0,0,0,1,0,0,0,0,1,0,0,1301,2,2,2,12,10,0,0,0,0,0,0,0,0,0,0,0,0
1607,Staff,Staff,4,9500,0,400,40,0,0,0,1,2,0,0,0,2,0,0,1301,2,2,2,12,10,0,0,0,0,0,0,0,0,0,0,0,0
1608,Staff,Staff,4,9500,0,400,40,0,0,0,1,3,0,0,0,2,0,0,1301,2,2,2,12,10,0,0,0,0,0,0,0,0,0,0,0,0
1609,Staff,Staff,4,9500,0,400,40,0,0,0,1,0,0,0,0,2,0,0,1301,2,2,2,12,10,0,0,0,0,0,0,0,0,0,0,0,0
1610,Arc_Wand,Arc_Wand,4,45000,0,400,60,0,0,0,1,1,0,0,0,3,0,0,1301,2,2,3,24,10,0,0,0,0,0,0,0,0,0,0,0,0
1611,Arc_Wand,Arc_Wand,4,45000,0,400,60,0,0,0,1,2,0,0,0,3,0,0,1301,2,2,3,24,10,0,0,0,0,0,0,0,0,0,0,0,0
1612,Arc_Wand,Arc_Wand,4,45000,0,400,60,0,0,0,1,0,0,0,0,3,0,0,1301,2,2,3,24,10,0,0,0,0,0,0,0,0,0,0,0,0
1613,Mighty_Staff,Mighty_Staff,4,20,0,700,130,0,0,0,1,0,0,0,0,0,0,0,1300,2,2,3,24,10,0,0,0,0,0,0,0,0,0,0,0,0
1614,Wand_of_Occult,Wand_of_Occult,4,20,0,700,75,0,0,0,1,0,0,0,0,3,0,0,1300,2,2,3,24,10,0,0,0,0,0,0,0,0,0,0,0,0
1615,Bone_Wand,Bone_Wand,4,20,0,700,40,0,0,0,1,0,0,0,0,4,0,0,1300,2,2,3,24,10,9,0,0,0,0,0,0,0,0,0,0,0
1801,Waghnak,Waghnak,4,8000,0,400,30,0,0,0,1,3,0,0,0,0,0,0,1024,2,2,1,1,12,0,0,0,0,0,0,0,0,0,0,0,0
1802,Waghnak,Waghnak,4,8000,0,400,30,0,0,0,1,4,0,0,0,0,0,0,1024,2,2,1,1,12,0,0,0,0,0,0,0,0,0,0,0,0
1803,Knuckle_Duster,Knuckle_Duster,4,25000,0,450,50,0,0,0,1,2,0,0,0,0,0,0,1024,2,2,2,12,12,0,0,0,0,0,0,0,0,0,0,0,0
1804,Knuckle_Duster,Knuckle_Duster,4,25000,0,450,50,0,0,0,1,3,0,0,0,0,0,0,1024,2,2,2,12,12,0,0,0,0,0,0,0,0,0,0,0,0
1805,Hora,Hora,4,32000,0,450,65,0,0,0,1,2,0,0,0,0,0,0,1024,2,2,2,12,12,0,0,0,0,0,0,0,0,0,0,0,0
1806,Hora,Hora,4,32000,0,450,65,0,0,0,1,3,0,0,0,0,0,0,1024,2,2,2,12,12,0,0,0,0,0,0,0,0,0,0,0,0
1807,Fist,Fist,4,53000,0,650,115,0,0,0,1,0,0,0,0,0,0,0,1024,2,2,3,24,12,0,0,0,0,0,0,0,0,0,0,0,0
1808,Fist,Fist,4,53000,0,650,115,0,0,0,1,1,0,0,0,0,0,0,1024,2,2,3,24,12,0,0,0,0,0,0,0,0,0,0,0,0
1809,Claw,Claw,4,67000,0,500,86,0,0,0,1,1,2,0,0,0,0,0,1024,2,2,3,24,12,0,0,0,0,0,0,0,0,0,0,0,0
1810,Claw,Claw,4,67000,0,500,86,0,0,0,1,2,2,0,0,0,0,0,1024,2,2,3,24,12,0,0,0,0,0,0,0,0,0,0,0,0
1811,Finger,Finger,4,58000,0,500,97,0,0,0,1,1,0,0,0,0,0,0,1024,2,2,3,24,12,0,0,0,0,0,0,0,0,0,0,0,0
1812,Finger,Finger,4,58000,0,500,97,0,0,0,1,2,0,0,0,0,0,0,1024,2,2,3,24,12,0,0,0,0,0,0,0,0,0,0,0,0
1813,Kaiser_Knuckle,Kaiser_Knuckle,4,20,0,450,100,0,0,0,1,0,0,0,0,0,0,0,1024,2,2,4,36,12,4,0,0,0,0,0,0,0,0,0,0,0
1814,Berserk,Berserk,4,20,0,500,100,0,0,0,1,0,0,0,0,0,0,0,1024,2,2,4,36,12,0,0,0,0,0,0,0,0,0,0,0,0
1901,Violin,Violin,4,4000,0,700,50,0,0,0,1,3,0,0,0,0,0,0,512,2,2,1,2,13,0,0,0,0,0,0,0,0,0,0,0,0
1902,Violin,Violin,4,4000,0,700,50,0,0,0,1,4,0,0,0,0,0,0,512,2,2,1,2,13,0,0,0,0,0,0,0,0,0,0,0,0
1903,Mandolin,Mandolin,4,18000,0,400,90,0,0,0,1,2,0,0,0,0,0,0,512,2,2,2,14,13,0,0,0,0,0,0,0,0,0,0,0,0
1904,Mandolin,Mandolin,4,18000,0,400,90,0,0,0,1,3,0,0,0,0,0,0,512,2,2,2,14,13,0,0,0,0,0,0,0,0,0,0,0,0
1905,Lute,Lute,4,24500,0,500,105,0,0,0,1,2,0,0,0,0,0,0,512,2,2,2,14,13,0,0,0,0,0,0,0,0,0,0,0,0
1906,Lute,Lute,4,24500,0,500,105,0,0,0,1,3,0,0,0,0,0,0,512,2,2,2,14,13,0,0,0,0,0,0,0,0,0,0,0,0
1907,Guitar,Guitar,4,47000,0,900,142,0,0,0,1,0,0,0,0,0,0,0,512,2,2,3,27,13,0,0,0,0,0,0,0,0,0,0,0,0
1908,Guitar,Guitar,4,47000,0,900,142,0,0,0,1,1,0,0,0,0,0,0,512,2,2,3,27,13,0,0,0,0,0,0,0,0,0,0,0,0
1909,Harp,Harp,4,62000,0,900,114,0,0,0,1,1,0,0,0,2,0,0,512,2,2,3,27,13,0,0,0,0,0,0,0,0,0,0,0,0
1910,Harp,Harp,4,62000,0,900,114,0,0,0,1,2,0,0,0,2,0,0,512,2,2,3,27,13,0,0,0,0,0,0,0,0,0,0,0,0
1911,Gumoongoh,Gumoongoh,4,54000,0,1300,126,0,0,0,1,1,0,0,0,0,0,0,512,2,2,3,27,13,0,0,0,0,0,0,0,0,0,0,0,0
1912,Gumoongoh,Gumoongoh,4,54000,0,1300,126,0,0,0,1,2,0,0,0,0,0,0,512,2,2,3,27,13,0,0,0,0,0,0,0,0,0,0,0,0
1950,Rope,Rope,4,2500,0,400,45,0,0,0,2,3,0,0,0,0,0,0,512,2,2,1,3,14,0,0,0,0,0,0,0,0,0,0,0,0
1951,Rope,Rope,4,2500,0,400,45,0,0,0,2,4,0,0,0,0,0,0,512,2,2,1,3,14,0,0,0,0,0,0,0,0,0,0,0,0
1952,Line,Line,4,12000,0,300,80,0,0,0,2,2,0,0,0,0,0,0,512,2,2,2,16,14,0,0,0,0,0,0,0,0,0,0,0,0
1953,Line,Line,4,12000,0,300,80,0,0,0,2,3,0,0,0,0,0,0,512,2,2,2,16,14,0,0,0,0,0,0,0,0,0,0,0,0
1954,Wire,Wire,4,17500,0,1000,95,0,0,0,2,2,0,0,0,0,0,0,512,2,2,2,16,14,0,0,0,0,0,0,0,0,0,0,0,0
1955,Wire,Wire,4,17500,0,1000,95,0,0,0,2,3,0,0,0,0,0,0,512,2,2,2,16,14,0,0,0,0,0,0,0,0,0,0,0,0
1956,Rante,Rante,4,32000,0,900,135,0,0,0,2,0,0,0,0,0,0,0,512,2,2,3,30,14,0,0,0,0,0,0,0,0,0,0,0,0
1957,Rante,Rante,4,32000,0,900,135,0,0,0,2,1,0,0,0,0,0,0,512,2,2,3,30,14,0,0,0,0,0,0,0,0,0,0,0,0
1958,Tail,Tail,4,41000,0,700,105,0,0,0,2,1,0,0,0,0,0,3,512,2,2,3,30,14,0,0,0,0,0,0,0,0,0,0,0,0
1959,Tail,Tail,4,41000,0,700,105,0,0,0,2,2,0,0,0,0,0,3,512,2,2,3,30,14,0,0,0,0,0,0,0,0,0,0,0,0
1960,Whip,Whip,4,38000,0,700,120,0,0,0,2,1,0,0,0,0,0,0,512,2,2,3,30,14,0,0,0,0,0,0,0,0,0,0,0,0
1961,Whip,Whip,4,38000,0,700,120,0,0,0,2,2,0,0,0,0,0,0,512,2,2,3,30,14,0,0,0,0,0,0,0,0,0,0,0,0
1962,Lariat,Lariat,4,20,0,400,100,0,0,0,2,0,0,0,0,0,0,0,512,2,2,4,44,14,0,0,0,0,0,0,0,0,0,0,0,0
1963,Rapture_Rose,Rapture_Rose,4,20,0,300,115,0,0,0,2,0,0,0,0,0,0,0,512,2,2,4,44,14,5,0,0,0,0,0,0,0,0,0,0,0
1964,Chemeti,Chemeti,4,20,0,700,150,0,0,0,2,0,0,0,0,0,0,0,512,2,2,4,44,14,0,0,0,0,0,0,0,0,0,0,0,0
4001,Poring_Card,Poring_Card,6,20,0,10,0,0,0,0,0,0,0,0,0,0,0,1,0,0,16,0,0,0,0,0,0,0,0,0,0,0,0,0,0,0
4002,Fabre_Card,Fabre_Card,6,20,0,10,0,0,0,0,0,0,0,0,1,0,0,0,0,0,2,0,0,0,0,0,0,0,0,0,0,0,0,0,0,0
4003,Pupa_Card,Pupa_Card,6,20,0,10,0,0,0,0,0,0,0,0,0,0,0,0,0,0,16,0,0,0,0,0,50,0,0,0,0,0,0,0,0,0
4004,Drops_Card,Drops_Card,6,20,0,10,0,0,0,0,0,0,0,0,0,0,1,0,0,0,2,0,0,0,0,0,0,0,0,0,0,0,0,0,0,0
4005,Santa_Poring_Card,Santa_Poring_Card,6,20,0,10,0,0,0,0,0,0,0,0,0,0,0,0,0,0,2,0,0,0,0,0,0,0,0,0,0,0,0,0,0,0
4006,Lunatic_Card,Lunatic_Card,6,20,0,10,0,0,0,0,0,0,0,0,0,0,0,1,0,0,2,0,0,0,0,0,0,0,0,0,0,0,0,0,0,0
4007,Pecopeco_Egg_Card,Pecopeco_Egg_Card,6,20,0,10,0,0,0,0,0,0,0,0,0,0,0,0,0,0,2,0,0,0,0,0,0,0,0,0,0,0,0,0,0,0
4008,Picky_Card,Picky_Card,6,20,0,10,0,0,0,0,0,0,1,0,0,0,0,0,0,0,16,0,0,0,0,0,0,0,0,0,0,0,0,0,0,0
4009,Chonchon_Card,Chonchon_Card,6,20,0,10,0,0,0,0,0,0,0,1,0,0,0,0,0,0,64,0,0,0,0,0,0,0,0,0,0,0,0,0,0,0
4010,Willow_Card,Willow_Card,6,20,0,10,0,0,0,0,0,0,0,0,0,0,0,0,0,0,769,0,0,0,0,0,0,0,30,0,0,0,0,0,0,0
4011,Picky_Egg_Card,Picky_Egg_Card,6,20,0,10,0,0,0,0,0,0,0,0,1,0,0,0,0,0,16,0,0,0,0,0,0,0,0,0,0,0,0,0,0,0
4012,Thiefbug_Egg_Card,Thiefbug_Egg_Card,6,20,0,10,0,0,0,0,0,0,0,0,0,0,0,0,0,0,32,0,0,0,0,0,30,0,0,0,0,0,0,0,0,0
4013,Andre_Egg_Card,Andre_Egg_Card,6,20,0,10,0,0,0,0,0,0,0,0,0,0,0,0,0,0,32,0,0,0,0,0,0,5,0,0,0,0,0,0,0,0
4014,Roda_Frog_Card,Roda_Frog_Card,6,20,0,10,0,0,0,0,0,0,0,0,0,0,0,0,0,0,16,0,0,0,0,0,100,0,0,0,0,0,0,0,0,0
4015,Condor_Card,Condor_Card,6,20,0,10,0,0,0,0,0,0,0,0,0,0,0,0,0,0,4,0,0,0,0,0,0,0,0,0,0,0,0,0,5,0
4016,Thief_Bug_Card,Thief_Bug_Card,6,20,0,10,0,0,0,0,0,0,0,1,0,0,0,0,0,0,16,0,0,0,0,0,0,0,0,0,0,0,0,0,0,0
4017,Savage_Bebe_Card,Savage_Bebe_Card,6,20,0,10,0,0,0,0,0,0,0,0,0,0,0,0,0,0,2,0,0,0,0,0,0,0,0,0,0,0,0,0,0,0
4018,Andre_Larva_Card,Andre_Larva_Card,6,20,0,10,0,0,0,0,0,0,0,0,0,0,0,0,0,0,2,0,0,0,0,0,0,0,0,0,0,0,0,0,0,0
4019,Hornet_Card,Hornet_Card,6,20,0,10,0,0,0,0,0,0,1,0,0,0,0,0,0,0,2,0,0,0,0,0,0,0,0,0,0,0,0,0,0,0
4020,Familiar_Card,Familiar_Card,6,20,0,10,0,0,0,0,0,0,0,0,0,0,0,0,0,0,2,0,0,0,0,0,0,0,0,0,0,0,0,0,0,0
4021,Rocker_Card,Rocker_Card,6,20,0,10,0,0,0,0,0,0,0,0,0,0,1,0,0,0,16,0,0,0,0,0,0,0,0,0,0,0,0,0,0,0
4022,Spore_Card,Spore_Card,6,20,0,10,0,0,0,0,0,0,0,0,2,0,0,0,0,0,136,0,0,0,0,0,0,0,0,0,0,0,0,0,0,0
4023,Baby_Desertwolf_Card,Baby_Desertwolf_Card,6,20,0,10,0,0,0,0,0,0,0,0,0,1,0,0,0,0,16,0,0,0,0,0,0,0,0,0,0,0,0,0,0,0
4024,Plankton_Card,Plankton_Card,6,20,0,10,0,0,0,0,0,0,0,0,0,0,0,0,0,0,2,0,0,0,0,0,0,0,0,0,0,0,0,0,0,0
4025,Skeleton_Card,Skeleton_Card,6,20,0,10,0,0,0,0,0,0,0,0,0,0,0,0,0,0,2,0,0,0,0,0,0,0,0,0,0,0,0,0,0,0
4026,Female_Thiefbug_Card,Female_Thiefbug_Card,6,20,0,10,0,0,0,0,0,0,0,1,0,0,0,0,0,0,2,0,0,0,0,0,0,0,0,0,0,0,0,0,0,0
4027,Kukre_Card,Kukre_Card,6,20,0,10,0,0,0,0,0,0,0,2,0,0,0,0,0,0,136,0,0,0,0,0,0,0,0,0,0,0,0,0,0,0
4028,Tarou_Card,Tarou_Card,6,20,0,10,0,0,0,0,0,0,2,0,0,0,0,0,0,0,136,0,0,0,0,0,0,0,0,0,0,0,0,0,0,0
4029,Wolf_Card,Wolf_Card,6,20,0,10,5,0,0,0,0,0,0,0,0,0,0,0,0,0,2,0,0,0,0,0,0,0,0,0,0,0,0,0,0,0
4030,Mandragora_Card,Mandragora_Card,6,20,0,10,0,0,0,0,0,0,0,0,0,0,0,0,0,0,2,0,0,0,0,0,0,0,0,0,0,0,0,0,0,0
4031,Pecopeco_Card,Pecopeco_Card,6,20,0,10,0,0,0,0,0,0,0,0,0,0,0,0,0,0,16,0,0,0,0,0,150,0,0,0,0,0,0,0,0,0
4032,Ambernite_Card,Ambernite_Card,6,20,0,10,0,0,0,0,0,0,0,0,2,0,0,0,0,0,32,0,0,0,0,0,0,0,0,0,0,0,0,0,0,0
4033,PoPoring_Card,PoPoring_Card,6,20,0,10,0,0,0,0,0,0,0,0,0,0,0,0,0,0,136,0,0,0,0,0,0,0,0,0,0,0,0,0,0,52
4034,Wormtail_Card,Wormtail_Card,6,20,0,10,0,0,0,0,0,0,0,0,0,0,2,0,0,0,136,0,0,0,0,0,0,0,0,0,0,0,0,0,0,0
4035,Hydra_Card,Hydra_Card,6,20,0,10,0,0,0,0,0,0,0,0,0,0,0,0,0,0,2,0,0,0,0,0,0,0,0,0,0,0,0,0,0,0
4036,Muka_Card,Muka_Card,6,20,0,10,0,0,0,0,0,0,0,0,0,0,0,0,0,0,136,0,0,0,0,0,0,0,0,0,0,0,0,0,0,0
4037,Snake_Card,Snake_Card,6,20,0,10,0,0,0,0,0,0,0,0,0,0,0,0,0,0,2,0,0,0,0,0,0,0,0,0,0,0,0,0,0,0
4038,Zombie_Card,Zombie_Card,6,20,0,10,0,0,0,0,0,0,0,0,0,0,0,0,0,0,64,0,0,0,0,0,0,0,0,0,0,0,0,0,0,0
4039,Stainer_Card,Stainer_Card,6,20,0,10,0,0,0,0,0,0,0,0,0,0,0,0,0,0,769,0,0,0,0,0,0,0,0,0,0,0,0,0,0,0
4040,Creamy_Card,Creamy_Card,6,20,0,10,0,0,0,0,0,0,0,0,0,0,0,0,0,0,136,0,0,0,0,0,0,0,0,0,0,0,0,0,0,26
4041,Coco_Card,Coco_Card,6,20,0,10,0,0,0,0,0,0,0,0,0,0,0,0,0,0,769,0,0,0,0,0,0,0,0,0,0,0,0,0,0,0
4042,Steel_Chonchon_Card,Steel_Chonchon_Card,6,20,0,10,0,0,0,0,0,0,0,0,0,0,0,0,0,0,16,0,0,0,0,0,0,0,0,0,0,0,0,0,0,0
4043,Andre_Card,Andre_Card,6,20,0,10,10,0,0,0,0,0,0,0,0,0,0,0,0,0,2,0,0,0,0,0,0,0,0,0,0,0,0,0,0,0
4044,Smokie_Card,Smokie_Card,6,20,0,10,0,0,0,0,0,0,0,0,0,0,0,0,0,0,136,0,0,0,0,0,0,0,0,0,0,0,0,0,0,51
4045,Horn_Card,Horn_Card,6,20,0,10,0,0,0,0,0,0,0,0,0,0,0,0,0,0,32,0,0,0,0,0,0,0,0,0,0,0,0,0,0,0
4046,Martin_Card,Martin_Card,6,20,0,10,0,0,0,0,0,0,0,0,0,0,0,0,0,0,769,0,0,0,0,0,0,0,0,0,0,0,0,0,0,0
4047,Ghostring_Card,Ghostring_Card,6,20,0,10,0,0,0,0,0,0,0,0,0,0,0,0,0,0,16,0,0,0,0,0,0,0,0,0,0,0,0,0,0,0
4048,Poison_Spore_Card,Poison_Spore_Card,6,20,0,10,0,0,0,0,0,0,0,0,0,0,0,0,0,0,136,0,0,0,0,0,0,0,0,0,0,0,0,0,0,52
4049,Vadon_Card,Vadon_Card,6,20,0,10,0,0,0,0,0,0,0,0,0,0,0,0,0,0,2,0,0,0,0,0,0,0,0,0,0,0,0,0,0,0
4050,Male_Thiefbug_Card,Male_Thiefbug_Card,6,20,0,10,0,0,0,0,0,0,0,2,0,0,0,0,0,0,64,0,0,0,0,0,0,0,0,0,0,0,0,0,0,0
4051,Yoyo_Card,Yoyo_Card,6,20,0,10,0,0,0,0,0,0,0,1,0,0,0,0,0,0,136,0,0,0,0,0,0,0,0,0,0,0,0,5,0,0
4052,Elder_Willow_Card,Elder_Willow_Card,6,20,0,10,0,0,0,0,0,0,0,0,0,2,0,0,0,0,769,0,0,0,0,0,0,0,0,0,0,0,0,0,0,0
4053,Vitata_Card,Vitata_Card,6,20,0,10,0,0,0,0,0,0,0,0,0,0,0,0,0,0,136,0,0,0,0,0,0,0,0,0,0,0,0,0,0,28
4054,Angelring_Card,Angelring_Card,6,20,0,10,0,0,0,0,0,0,0,0,0,0,0,0,0,0,16,0,0,0,0,0,0,0,0,0,0,0,0,0,0,0
4055,Marina_Card,Marina_Card,6,20,0,10,0,0,0,0,0,0,0,0,0,0,0,0,0,0,2,0,0,0,0,0,0,0,0,0,0,0,0,0,0,0
4056,Dustiness_Card,Dustiness_Card,6,20,0,10,0,0,0,0,0,0,0,0,0,0,0,0,0,0,4,0,0,0,0,0,0,0,0,0,0,0,0,0,0,0
4057,Metaller_Card,Metaller_Card,6,20,0,10,0,0,0,0,0,0,0,0,0,0,0,0,0,0,2,0,0,0,0,0,0,0,0,0,0,0,0,0,0,0
4058,Thara_Frog_Card,Thara_Frog_Card,6,20,0,10,0,0,0,0,0,0,0,0,0,0,0,0,0,0,32,0,0,0,0,0,0,0,0,0,0,0,0,0,0,0
4059,Soldier_Andre_Card,Soldier_Andre_Card,6,20,0,10,0,0,0,0,0,0,0,0,0,0,0,0,0,0,32,0,0,0,0,0,0,0,0,0,0,0,0,0,0,0
4060,Goblin_Card,Goblin_Card,6,20,0,10,0,0,0,0,0,0,0,0,0,0,0,0,0,0,2,0,0,0,0,0,0,0,0,0,0,0,0,0,0,0
4061,Cornutus_Card,Cornutus_Card,6,20,0,10,0,0,0,0,0,0,0,0,0,0,0,0,0,0,16,0,0,0,0,0,0,0,0,0,0,0,0,0,0,0
4062,Anacondaq_Card,Anacondaq_Card,6,20,0,10,0,0,0,0,0,0,0,0,0,0,0,0,0,0,2,0,0,0,0,0,0,0,0,0,0,0,0,0,0,0
4063,Caramel_Card,Caramel_Card,6,20,0,10,0,0,0,0,0,0,0,0,0,0,0,0,0,0,2,0,0,0,0,0,0,0,0,0,0,0,0,0,0,0
4064,Zerom_Card,Zerom_Card,6,20,0,10,0,0,0,0,0,0,0,0,0,0,3,0,0,0,136,0,0,0,0,0,0,0,0,0,0,0,0,0,0,0
4065,Kaho_Card,Kaho_Card,6,20,0,10,0,0,0,0,0,0,0,0,0,0,0,0,0,0,2,0,0,0,0,0,0,0,0,0,0,0,0,0,0,0
4066,Orc_Worrier_Card,Orc_Worrier_Card,6,20,0,10,0,0,0,0,0,0,0,0,0,0,0,0,0,0,32,0,0,0,0,0,0,0,0,0,0,0,0,0,0,0
4067,Megalodon_Card,Megalodon_Card,6,20,0,10,0,0,0,0,0,0,0,0,0,0,0,0,0,0,32,0,0,0,0,0,0,0,0,0,0,0,0,0,0,0
4068,Scorpion_Card,Scorpion_Card,6,20,0,10,0,0,0,0,0,0,0,0,0,0,0,0,0,0,2,0,0,0,0,0,0,0,0,0,0,0,0,0,0,0
4069,Drainliar_Card,Drainliar_Card,6,20,0,10,0,0,0,0,0,0,0,0,0,0,0,0,0,0,2,0,0,0,0,0,0,0,0,0,0,0,0,0,0,0
4070,Eggyra_Card,Eggyra_Card,6,20,0,10,0,0,0,0,0,0,0,0,0,0,0,0,0,0,64,0,0,0,0,0,0,0,0,0,0,0,0,0,0,0
4071,Orc_Zombie_Card,Orc_Zombie_Card,6,20,0,10,0,0,0,0,0,0,0,0,0,0,0,0,0,0,4,0,0,0,0,0,0,0,0,0,0,0,0,0,0,0
4072,Golem_Card,Golem_Card,6,20,0,10,0,0,0,0,0,0,0,0,0,0,0,0,0,0,2,0,0,0,0,0,0,0,0,0,0,0,0,0,0,0
4073,Pirate_Skel_Card,Pirate_Skel_Card,6,20,0,10,0,0,0,0,0,0,0,0,0,0,0,0,0,0,136,0,0,0,0,0,0,0,0,0,0,0,0,0,0,37
4074,Bigfoot_Card,Bigfoot_Card,6,20,0,10,0,0,0,0,0,0,0,0,0,0,0,0,0,0,32,0,0,0,0,0,0,0,0,0,0,0,0,0,0,0
4075,Argos_Card,Argos_Card,6,20,0,10,0,0,0,0,0,0,0,0,0,0,0,0,0,0,32,0,0,0,0,0,0,0,0,0,0,0,0,0,0,0
4076,Magnolia_Card,Magnolia_Card,6,20,0,10,0,0,0,0,0,0,0,0,0,0,0,0,0,0,2,0,0,0,0,0,0,0,0,0,0,0,0,0,0,0
4077,Phen_Card,Phen_Card,6,20,0,10,0,0,0,0,0,0,0,0,0,0,0,0,0,0,136,0,0,0,0,0,0,0,0,0,0,0,0,0,0,0
4078,Savage_Card,Savage_Card,6,20,0,10,0,0,0,0,0,0,0,0,3,0,0,0,0,0,16,0,0,0,0,0,0,0,0,0,0,0,0,0,0,0
4079,Mantis_Card,Mantis_Card,6,20,0,10,0,0,0,0,0,0,3,0,0,0,0,0,0,0,136,0,0,0,0,0,0,0,0,0,0,0,0,0,0,0
4080,Flora_Card,Flora_Card,6,20,0,10,0,0,0,0,0,0,0,0,0,0,0,0,0,0,2,0,0,0,0,0,0,0,0,0,0,0,0,0,0,0
4081,Hode_Card,Hode_Card,6,20,0,10,0,0,0,0,0,0,0,0,0,0,0,0,0,0,4,0,0,0,0,0,0,0,0,0,0,0,0,0,0,0
4082,Desert_Wolf_Card,Desert_Wolf_Card,6,20,0,10,0,0,0,0,0,0,0,0,0,0,0,0,0,0,2,0,0,0,0,0,0,0,0,0,0,0,0,0,0,0
4083,Rafflesia_Card,Rafflesia_Card,6,20,0,10,0,0,0,0,0,0,0,0,0,0,0,0,0,0,32,0,0,0,0,0,0,0,0,0,0,0,0,0,0,0
4084,Marine_Sphere_Card,Marine_Sphere_Card,6,20,0,10,0,0,0,0,0,0,0,0,0,0,0,0,0,0,136,0,0,0,0,0,0,0,0,0,0,0,0,0,0,7
4085,Orc_Skeleton_Card,Orc_Skeleton_Card,6,20,0,10,0,0,0,0,0,0,0,0,0,0,0,0,0,0,2,0,0,0,0,0,0,0,0,0,0,0,0,0,0,0
4086,Soldier_Skeleton_Card,Soldier_Skeleton_Card,6,20,0,10,0,0,0,0,0,0,0,0,0,0,0,0,0,0,2,0,0,0,0,0,0,0,0,0,0,0,0,9,0,0
4087,Giearth_Card,Giearth_Card,6,20,0,10,0,0,0,0,0,0,0,0,0,0,0,0,0,0,769,0,0,0,0,0,0,0,0,0,0,0,0,0,0,0
4088,Frilldora_Card,Frilldora_Card,6,20,0,10,0,0,0,0,0,0,0,0,0,0,0,0,0,0,4,0,0,0,0,0,0,0,0,0,0,0,0,0,0,0
4089,Swordfish_Card,Swordfish_Card,6,20,0,10,0,0,0,0,0,0,0,0,0,0,0,0,0,0,16,0,0,0,0,0,0,0,0,0,0,0,0,0,0,0
4090,Munak_Card,Munak_Card,6,20,0,10,0,0,0,0,0,0,0,0,0,0,0,0,0,0,32,0,0,0,0,0,0,0,0,0,0,0,0,0,0,0
4091,Cobold_Card,Cobold_Card,6,20,0,10,0,0,0,0,0,0,1,0,0,0,0,0,0,0,136,0,0,0,0,0,0,0,0,0,0,0,0,5,0,0
4092,Skel_Worker_Card,Skel_Worker_Card,6,20,0,10,0,0,0,0,0,0,0,0,0,0,0,0,0,0,2,0,0,0,0,0,0,0,0,0,0,0,0,0,0,0
4093,Obeaune_Card,Obeaune_Card,6,20,0,10,0,0,0,0,0,0,0,0,0,0,0,0,0,0,136,0,0,0,0,0,0,0,0,0,0,0,0,0,0,35
4094,Archer_Skeleton_Card,Archer_Skeleton_Card,6,20,0,10,0,0,0,0,0,0,0,0,0,0,0,0,0,0,2,0,0,0,0,0,0,0,0,0,0,0,0,0,0,0
4095,Mars_Card,Mars_Card,6,20,0,10,0,0,0,0,0,0,0,0,0,0,0,0,0,0,4,0,0,0,0,0,0,0,0,0,0,0,0,0,0,0
4096,Zenorc_Card,Zenorc_Card,6,20,0,10,0,0,0,0,0,0,0,0,0,0,0,0,0,0,2,0,0,0,0,0,0,0,0,0,0,0,0,0,0,0
4097,Matyr_Card,Matyr_Card,6,20,0,10,0,0,0,0,0,0,0,1,0,0,0,0,0,0,64,0,0,0,0,0,0,12,0,0,0,0,0,0,0,0
4098,Dokkaebi_Card,Dokkaebi_Card,6,20,0,10,0,0,0,0,0,0,0,0,0,0,0,0,0,0,16,0,0,0,0,0,0,0,0,0,0,0,0,0,0,0
4099,Pasana_Card,Pasana_Card,6,20,0,10,0,0,0,0,0,0,0,0,0,0,0,0,0,0,16,0,0,0,0,0,0,0,0,0,0,0,0,0,0,0
4100,Sohee_Card,Sohee_Card,6,20,0,10,0,0,0,0,0,0,0,0,0,0,0,0,0,0,64,0,0,0,0,0,0,0,0,20,0,0,0,0,0,0
4101,Sandman_Card,Sandman_Card,6,20,0,10,0,0,0,0,0,0,0,0,0,0,0,0,0,0,16,0,0,0,0,0,0,0,0,0,0,0,0,0,0,0
4102,Whisper_Card,Whisper_Card,6,20,0,10,0,0,0,0,0,0,0,0,0,0,0,0,0,0,4,0,0,0,0,0,0,0,0,0,0,0,0,0,20,0
4103,Horong_Card,Horong_Card,6,20,0,10,0,0,0,0,0,0,0,0,0,0,0,0,0,0,136,0,0,0,0,0,0,0,0,0,0,0,0,0,0,10
4104,Requiem_Card,Requiem_Card,6,20,0,10,0,0,0,0,0,0,0,0,0,0,0,0,0,0,2,0,0,0,0,0,0,0,0,0,0,0,0,0,0,0
4105,Marc_Card,Marc_Card,6,20,0,10,0,0,0,0,0,0,0,0,0,0,0,0,0,0,16,0,0,0,0,0,0,0,0,0,0,0,0,0,0,0
4106,Mummy_Card,Mummy_Card,6,20,0,10,0,0,0,0,0,0,0,0,0,0,0,0,0,0,2,0,0,0,0,0,0,0,0,0,0,0,20,0,0,0
4107,Verit_Card,Verit_Card,6,20,0,10,0,0,0,0,0,0,0,0,0,0,0,0,0,0,64,0,0,0,0,0,0,8,0,8,0,0,0,0,0,0
4108,Mist_Card,Mist_Card,6,20,0,10,0,0,0,0,0,0,0,0,0,0,0,0,0,0,4,0,0,0,0,0,0,0,0,0,0,0,0,0,0,0
4109,Zakk_Card,Zakk_Card,6,20,0,10,0,0,0,0,0,0,0,0,0,0,0,0,0,0,4,0,0,0,0,0,0,0,0,0,0,0,0,0,0,0
4110,Ghoul_Card,Ghoul_Card,6,20,0,10,0,0,0,0,0,0,0,0,0,0,0,0,0,0,769,0,0,0,0,0,0,0,0,0,0,0,0,0,0,0
4111,Strouf_Card,Strouf_Card,6,20,0,10,0,0,0,0,0,0,0,0,0,0,0,0,0,0,2,0,0,0,0,0,0,0,0,0,0,0,0,0,0,0
4112,Marduk_Card,Marduk_Card,6,20,0,10,0,0,0,0,0,0,0,0,0,0,0,0,0,0,769,0,0,0,0,0,0,0,0,0,0,0,0,0,0,0
4113,Marionette_Card,Marionette_Card,6,20,0,10,0,0,0,0,0,0,0,0,0,0,0,0,0,0,4,0,0,0,0,0,0,0,0,0,0,0,0,0,0,0
4114,Argiope_Card,Argiope_Card,6,20,0,10,0,0,0,0,0,0,0,0,0,0,0,0,0,0,16,0,0,0,0,0,0,0,0,0,0,0,0,0,0,0
4115,Hunter_Fly_Card,Hunter_Fly_Card,6,20,0,10,0,0,0,0,0,0,0,0,0,0,0,0,0,0,2,0,0,0,0,0,0,0,0,0,0,0,0,0,0,0
4116,Isis_Card,Isis_Card,6,20,0,10,0,0,0,0,0,0,0,0,0,0,0,0,0,0,4,0,0,0,0,0,0,0,0,0,0,0,0,0,0,0
4117,Sidewinder_Card,Sidewinder_Card,6,20,0,10,0,0,0,0,0,0,0,0,0,0,0,0,0,0,2,0,0,0,0,0,0,0,0,0,0,0,0,0,0,0
4118,Petite_Card,Petite_Card,6,20,0,10,0,0,0,0,0,0,0,0,0,0,0,0,0,0,2,0,0,0,0,0,0,0,0,0,0,0,0,0,0,0
4119,Bathory_Card,Bathory_Card,6,20,0,10,0,0,0,0,0,0,0,0,0,0,0,0,0,0,16,0,0,0,0,0,0,0,0,0,0,0,0,0,0,0
4120,Petite_Card,Petite_Card,6,20,0,10,0,0,0,0,0,0,0,0,0,0,0,0,0,0,32,0,0,0,0,0,0,0,0,0,0,0,0,0,0,0
4121,Phreeoni_Card,Phreeoni_Card,6,20,0,10,0,0,0,0,0,0,0,0,0,0,0,0,0,0,2,0,0,0,0,0,0,0,0,0,0,0,0,0,0,0
4122,Deviruchi_Card,Deviruchi_Card,6,20,0,10,0,0,0,0,0,0,0,0,0,0,0,0,0,0,769,0,0,0,0,0,0,0,0,0,0,0,0,0,0,0
4123,Eddga_Card,Eddga_Card,6,20,0,10,0,0,0,0,0,0,0,0,0,0,0,0,0,0,64,0,0,0,0,0,0,0,0,0,0,0,0,0,0,0
4124,Medusa_Card,Medusa_Card,6,20,0,10,0,0,0,0,0,0,0,0,0,0,0,0,0,0,32,0,0,0,0,0,0,0,0,0,0,0,0,0,0,0
4125,Deviace_Card,Deviace_Card,6,20,0,10,0,0,0,0,0,0,0,0,0,0,0,0,0,0,2,0,0,0,0,0,0,0,0,0,0,0,0,0,0,0
4126,Minorous_Card,Minorous_Card,6,20,0,10,0,0,0,0,0,0,0,0,0,0,0,0,0,0,2,0,0,0,0,0,0,0,0,0,0,0,0,0,0,0
4127,Nightmare_Card,Nightmare_Card,6,20,0,10,0,0,0,0,0,0,0,0,0,0,0,0,0,0,769,0,0,0,0,0,0,0,0,0,0,0,0,0,0,0
4128,Golden_Thiefbug_Card,Golden_Thiefbug_Card,6,20,0,10,0,0,0,0,0,0,0,0,0,0,0,0,0,0,32,0,0,0,0,0,0,0,0,0,0,0,0,0,0,0
4129,Bapho_Jr._Card,Bapho_Jr._Card,6,20,0,10,0,0,0,0,0,0,0,0,0,0,0,0,0,0,4,0,0,0,0,0,0,0,0,0,0,0,0,0,0,0
4130,Scorpion_King_Card,Scorpion_King_Card,6,20,0,10,0,0,0,0,0,0,0,0,0,0,0,0,0,0,2,0,0,0,0,0,0,0,0,0,0,0,0,0,0,0
4131,Moonlight_Flower_Card,Moonlight_Flower_Card,6,20,0,10,0,0,0,0,0,0,0,0,0,0,0,0,0,0,64,0,0,0,0,0,0,0,0,0,0,0,0,0,0,0
4132,Mistress_Card,Mistress_Card,6,20,0,10,0,0,0,0,0,0,0,0,0,0,0,0,0,0,769,0,0,0,0,0,0,0,0,0,0,0,0,0,0,0
4133,Raydric_Card,Raydric_Card,6,20,0,10,0,0,0,0,0,0,0,0,0,0,0,0,0,0,4,0,0,0,0,0,0,0,0,0,0,0,0,0,0,0
4134,Dracula_Card,Dracula_Card,6,20,0,10,0,0,0,0,0,0,0,0,0,0,0,0,0,0,2,0,0,0,0,0,0,0,0,0,0,0,0,0,0,0
4135,Orc_Lord_Card,Orc_Lord_Card,6,20,0,10,0,0,0,0,0,0,0,0,0,0,0,0,0,0,16,0,0,0,0,0,0,0,0,0,0,0,0,0,0,0
4136,Khalitzburg_Card,Khalitzburg_Card,6,20,0,10,0,0,0,0,0,0,0,0,0,0,0,0,0,0,32,0,0,0,0,0,0,0,0,0,0,0,0,0,0,0
4137,Drake_Card,Drake_Card,6,20,0,10,0,0,0,0,0,0,0,0,0,0,0,0,0,0,2,0,0,0,0,0,0,0,0,0,0,0,0,0,0,0
4138,Anubis_Card,Anubis_Card,6,20,0,10,0,0,0,0,0,0,0,0,0,0,0,0,0,0,32,0,0,0,0,0,0,0,0,0,0,0,0,0,0,0
4139,Joker_Card,Joker_Card,6,20,0,10,0,0,0,0,0,0,0,0,0,0,0,0,0,0,136,0,0,0,0,0,0,0,0,0,0,0,0,0,0,50
4140,Abysmal_Knight_Card,Abysmal_Knight_Card,6,20,0,10,0,0,0,0,0,0,0,0,0,0,0,0,0,0,2,0,0,0,0,0,0,0,0,0,0,0,0,0,0,0
4141,Evil_Druid_Card,Evil_Druid_Card,6,20,0,10,0,0,0,0,0,0,0,0,0,0,0,0,0,0,16,0,0,0,0,0,0,0,0,0,0,0,0,0,0,0
4142,Doppelganger_Card,Doppelganger_Card,6,20,0,10,0,0,0,0,0,0,0,0,0,0,0,0,0,0,2,0,0,0,0,0,0,0,0,0,0,0,0,0,0,0
4143,Orc_Hero_Card,Orc_Hero_Card,6,20,0,10,0,0,0,0,0,0,0,0,0,0,0,0,0,0,769,0,0,0,0,0,0,0,0,0,0,0,0,0,0,0
4144,Osiris_Card,Osiris_Card,6,20,0,10,0,0,0,0,0,0,0,0,0,0,0,0,0,0,136,0,0,0,0,0,0,0,0,0,0,0,0,0,0,0
4145,Berzebub_Card,Berzebub_Card,6,20,0,10,0,0,0,0,0,0,0,0,0,0,0,0,0,0,136,0,0,0,0,0,0,0,0,0,0,0,0,0,0,0
4146,Maya_Card,Maya_Card,6,20,0,10,0,0,0,0,0,0,0,0,0,0,0,0,0,0,32,0,0,0,0,0,0,0,0,0,0,0,0,0,0,0
4147,Baphomet_Card,Baphomet_Card,6,20,0,10,0,0,0,0,0,0,0,0,0,0,0,0,0,0,2,0,0,0,0,0,0,0,0,0,0,0,0,0,0,0
4148,Pharaoh_Card,Pharaoh_Card,6,20,0,10,0,0,0,0,0,0,0,0,0,0,0,0,0,0,769,0,0,0,0,0,0,0,0,0,0,0,0,0,0,0
1753,Steel_Arrow,Steel_Arrow,10,,0,2,40,0,0,0,0,0,0,0,0,0,0,0,0,0,0,0,1,0,0,0,0,0,0,0,0,0,0,0,0,0
1754,Crystal_Arrow,Crystal_Arrow,10,3,0,2,30,0,0,0,0,0,0,0,0,0,0,0,0,0,0,0,1,0,1,0,0,0,0,0,0,0,0,0,0,0
1755,Arrow_of_Wind,Arrow_of_Wind,10,3,0,2,30,0,0,0,0,0,0,0,0,0,0,0,0,0,0,0,1,0,4,0,0,0,0,0,0,0,0,0,0,0
1756,Stone_Arrow,Stone_Arrow,10,3,0,2,30,0,0,0,0,0,0,0,0,0,0,0,0,0,0,0,1,0,2,0,0,0,0,0,0,0,0,0,0,0
1094,Short_Daenggie,Short_Daenggie,3,278,0,10,,,,,,,,,,,,,,,,,,,,,,,,,,,,,,
1095,Needle_of_Alarm,Needle_of_Alarm,3,796,0,10,,,,,,,,,,,,,,,,,,,,,,,,,,,,,,
1096,Round_Shell,Round_Shell,3,954,0,10,,,,,,,,,,,,,,,,,,,,,,,,,,,,,,
1097,Worn_Out_Page,Worn_Out_Page,3,820,0,10,,,,,,,,,,,,,,,,,,,,,,,,,,,,,,
1098,Manacles,Manacles,3,658,0,10,,,,,,,,,,,,,,,,,,,,,,,,,,,,,,
1099,Worn-out_Prison_Uniform,Worn-out_Prison_Uniform,3,466,0,10,,,,,,,,,,,,,,,,,,,,,,,,,,,,,,
7001,Mould_Powder,Mould_Powder,3,680,0,10,,,,,,,,,,,,,,,,,,,,,,,,,,,,,,
7002,Ogre_Tooth,Ogre_Tooth,3,,0,10,,,,,,,,,,,,,,,,,,,,,,,,,,,,,,
7003,Anolian_Skin,Anolian_Skin,3,928,0,10,,,,,,,,,,,,,,,,,,,,,,,,,,,,,,
7004,Mud_Lump,Mud_Lump,3,876,0,10,,,,,,,,,,,,,,,,,,,,,,,,,,,,,,
7005,Skull,Skull,3,1294,0,10,,,,,,,,,,,,,,,,,,,,,,,,,,,,,,
7006,Wing_of_Red_Bat,Wing_of_Red_Bat,3,168,0,10,,,,,,,,,,,,,,,,,,,,,,,,,,,,,,
7007,Claw_of_Rat,Claw_of_Rat,3,748,0,10,,,,,,,,,,,,,,,,,,,,,,,,,,,,,,
7008,Stiff_Horn,Stiff_Horn,3,,0,10,,,,,,,,,,,,,,,,,,,,,,,,,,,,,,
7009,Glitter_Shell,Glitter_Shell,3,528,0,10,,,,,,,,,,,,,,,,,,,,,,,,,,,,,,
7010,Tail_of_Steel_Scorpion,Tail_of_Steel_Scorpion,3,,0,10,,,,,,,,,,,,,,,,,,,,,,,,,,,,,,
7011,Claw_of_Monkey,Claw_of_Monkey,3,466,0,10,,,,,,,,,,,,,,,,,,,,,,,,,,,,,,
7012,Tough_Scalelike_Stem,Tough_Scalelike_Stem,3,412,0,10,,,,,,,,,,,,,,,,,,,,,,,,,,,,,,
7013,Coral_Reef,Coral_Reef,3,772,0,10,,,,,,,,,,,,,,,,,,,,,,,,,,,,,,
7014,Old_Portrait,Old_Portrait,3,,0,100,,,,,,,,,,,,,,,,,,,,,,,,,,,,,,
7015,Bookclip_in_Memory,Bookclip_in_Memory,3,,0,20,,,,,,,,,,,,,,,,,,,,,,,,,,,,,,
7016,Spoon_Stub,Spoon_Stub,3,2500,0,20,,,,,,,,,,,,,,,,,,,,,,,,,,,,,,
7017,Executioner's_Mitten,Executioner's_Mitten,3,,0,30,,,,,,,,,,,,,,,,,,,,,,,,,,,,,,
7018,Young_Twig,Young_Twig,3,,0,10,,,,,,,,,,,,,,,,,,,,,,,,,,,,,,
7019,Loki's_Whispers,Loki's_Whispers,3,,0,10,,,,,,,,,,,,,,,,,,,,,,,,,,,,,,
7020,Mother's_Nightmare,Mother's_Nightmare,3,,0,10,,,,,,,,,,,,,,,,,,,,,,,,,,,,,,
7021,Foolishness_of_the_Blind,Foolishness_of_the_Blind,3,,0,10,,,,,,,,,,,,,,,,,,,,,,,,,,,,,,
7022,Old_Hilt,Old_Hilt,3,,0,30,,,,,,,,,,,,,,,,,,,,,,,,,,,,,,
7023,Blade_Lost_in_Darkness,Blade_Lost_in_Darkness,3,,0,40,,,,,,,,,,,,,,,,,,,,,,,,,,,,,,
7024,Bloody_Edge,Bloody_Edge,3,,0,40,,,,,,,,,,,,,,,,,,,,,,,,,,,,,,
7025,Lucifer's_Lament,Lucifer's_Lament,3,,0,50,,,,,,,,,,,,,,,,,,,,,,,,,,,,,,
7026,Key_of_Clock_Tower,Key_of_Clock_Tower,3,0,0,30,,,,,,,,,,,,,,,,,,,,,,,,,,,,,,
7027,Key_of_Underground,Key_of_Underground,3,0,0,30,,,,,,,,,,,,,,,,,,,,,,,,,,,,,,
616,Old_Card_Album,Old_Card_Album,2,2,0,50,,,,,,,,,,,,,,,,,,,,,,,,,,,,,,
617,Old_Purple_Box,Old_Purple_Box,2,2,0,200,,,,,,,,,,,,,,,,,,,,,,,,,,,,,,
618,Worn_Out_Scroll,Worn_Out_Scroll,2,2,0,20,,,,,,,,,,,,,,,,,,,,,,,,,,,,,,
1553,Book_of_Billows,Book_of_Billows,4,0,0,750,90,0,0,0,1,0,0,0,0,0,0,0,1024,2,2,3,27,15,1,0,0,0,0,0,0,0,0,0,0,0
1554,Book_of_Mother_Earth,Book_of_Mother_Earth,4,0,0,750,90,0,0,0,1,0,0,0,0,0,0,0,1024,2,2,3,27,15,2,0,0,0,0,0,0,0,0,0,0,0
1555,Book_of_Blazing_Sun,Book_of_Blazing_Sun,4,0,0,750,90,0,0,0,1,0,0,0,0,0,0,0,1024,2,2,3,27,15,3,0,0,0,0,0,0,0,0,0,0,0
1556,Book_of_Gust_of_Wind,Book_of_Gust_of_Wind,4,0,0,750,90,0,0,0,1,0,0,0,0,0,0,0,1024,2,2,3,27,15,4,0,0,0,0,0,0,0,0,0,0,0
1557,Book_of_the_Apocalypse,Book_of_the_Apocalypse,4,0,0,800,90,0,0,0,1,0,0,0,0,0,0,0,1024,2,2,4,40,15,7,0,0,0,0,0,0,0,0,0,0,0
1558,Girl's_Diary,Girl's_Diary,4,0,0,300,45,0,0,0,1,0,0,0,0,0,0,0,1024,2,2,4,40,15,0,0,0,0,0,0,0,0,0,0,0,0
7028,Invite_for_Duel,Invite_for_Duel,3,,0,0,,,,,,,,,,,,,,,,,,,,,,,,,,,,,,
7029,Admission_for_Duel,Admission_for_Duel,3,,0,0,,,,,,,,,,,,,,,,,,,,,,,,,,,,,,
2621,Ring,Ring,5,0,0,0,0,0,0,0,0,1,2,0,0,0,0,0,8190,2,136,0,20,0,0,0,0,0,0,0,0,0,0,0,0,0
2622,Earring,Earring,5,0,0,0,0,0,0,0,0,1,0,0,0,2,0,0,8190,2,136,0,20,0,0,0,0,0,0,0,0,0,0,0,0,0
2623,Necklace,Necklace,5,0,0,0,0,0,0,0,0,1,0,0,2,0,0,0,8190,2,136,0,20,0,0,0,0,0,0,0,0,0,0,0,0,0
2624,Glove,Glove,5,0,0,0,0,0,0,0,0,1,0,0,0,0,2,0,8190,2,136,0,20,0,0,0,0,0,0,0,0,0,0,0,0,0
2625,Brooch,Brooch,5,0,0,0,0,0,0,0,0,1,0,2,0,0,0,0,8190,2,136,0,20,0,0,0,0,0,0,0,0,0,0,0,0,0
2626,Rosary,Rosary,5,0,0,0,0,0,0,0,0,1,0,0,0,0,0,2,8190,2,136,0,20,0,0,0,0,0,0,0,0,0,0,0,0,0
2627,Belt,Belt,5,0,0,0,0,0,0,0,0,1,0,0,0,0,1,0,8190,2,136,0,20,0,0,0,0,0,0,0,0,0,0,0,0,0
2628,Novce_Armlet,Novce_Armlet,5,0,0,0,0,0,0,0,0,1,1,0,0,1,0,1,8190,2,136,0,20,0,0,0,0,0,0,0,0,0,0,0,0,0
1256,Katar_of_Cold_Icicle,Katar_of_Cold_Icicle,4,,0,1200,105,0,0,0,1,0,0,0,0,0,0,0,4096,2,34,3,55,16,1,0,0,0,0,0,0,0,0,0,0,0
1257,Katar_of_Dusty_Thornbush,Katar_of_Dusty_Thornbush,4,,0,1200,105,0,0,0,1,0,0,0,0,0,0,0,4096,2,34,3,55,16,2,0,0,0,0,0,0,0,0,0,0,0
1258,Katar_of_ Raging_Blaze,Katar_of_ Raging_Blaze,4,,0,1200,105,0,0,0,1,0,0,0,0,0,0,0,4096,2,34,3,55,16,3,0,0,0,0,0,0,0,0,0,0,0
1259,Katar_of_Piercing_Wind,Katar_of_Piercing_Wind,4,,0,1200,105,0,0,0,1,0,0,0,0,0,0,0,4096,2,34,3,55,16,4,0,0,0,0,0,0,0,0,0,0,0
1260,Shaprpened_Legbone_of_Ghoul,Shaprpened_Legbone_of_Ghoul,4,,0,1700,150,0,0,0,1,0,0,0,0,0,0,0,4096,2,34,3,65,16,9,0,0,0,0,0,0,0,0,0,0,0
1261,Infiltrator,Infiltrator,4,,0,1500,100,0,0,0,1,0,0,0,0,0,0,0,4096,2,34,4,75,16,0,0,0,0,0,0,0,0,0,0,0,0
7030,Claw_of_Desert_Wolf,Claw_of_Desert_Wolf,3,,0,,,,,,,,,,,,,,,,,,,,,,,,,,,,,,,
7031,Old_Frying_Pan,Old_Frying_Pan,3,,0,,,,,,,,,,,,,,,,,,,,,,,,,,,,,,,
7032,Piece_of_Egg_Shell,Piece_of_Egg_Shell,3,,0,,,,,,,,,,,,,,,,,,,,,,,,,,,,,,,
7033,Poison_Spore,Poison_Spore,3,,0,,,,,,,,,,,,,,,,,,,,,,,,,,,,,,,
7034,Red_Socks_with_Holes,Red_Socks_with_Holes,3,,0,10,,,,,,,,,,,,,,,,,,,,,,,,,,,,,,
7035,Matchstick,Matchstick,3,,0,10,,,,,,,,,,,,,,,,,,,,,,,,,,,,,,
7036,Fang_of_Garm,Fang_of_Garm,3,,0,10,,,,,,,,,,,,,,,,,,,,,,,,,,,,,,
7037,Coupon,Coupon,3,,0,10,,,,,,,,,,,,,,,,,,,,,,,,,,,,,,
619,Unripe_Apple,Unripe_Apple,2,,,,,,,,,,,,,,,,,,,,,,,,,,,,,,,,,
620,Orange_Juice,Orange_Juice,2,,,,,,,,,,,,,,,,,,,,,,,,,,,,,,,,,
621,Bitter_Herb,Bitter_Herb,2,,,,,,,,,,,,,,,,,,,,,,,,,,,,,,,,,
622,Rainbow_Carrot,Rainbow_Carrot,2,,,,,,,,,,,,,,,,,,,,,,,,,,,,,,,,,
623,Earthworm_the_Dude,Earthworm_the_Dude,2,,,,,,,,,,,,,,,,,,,,,,,,,,,,,,,,,
624,Rotten_Fish,Rotten_Fish,2,,,,,,,,,,,,,,,,,,,,,,,,,,,,,,,,,
625,Rusty_Iron,Rusty_Iron,2,,,,,,,,,,,,,,,,,,,,,,,,,,,,,,,,,
626,Monster_Juice,Monster_Juice,2,,,,,,,,,,,,,,,,,,,,,,,,,,,,,,,,,
627,Sweet_Milk,Sweet_Milk,2,,,,,,,,,,,,,,,,,,,,,,,,,,,,,,,,,
628,Well-Dried_Bone,Well-Dried_Bone,2,,,,,,,,,,,,,,,,,,,,,,,,,,,,,,,,,
629,Singing_Flower,Singing_Flower,2,,,,,,,,,,,,,,,,,,,,,,,,,,,,,,,,,
630,Dew_Laden_Moss,Dew_Laden_Moss,2
631,Deadly_Noxious_Herb,Deadly_Noxious_Herb,2
632,Fatty_Chubby_Earthworm,Fatty_Chubby_Earthworm,2
633,Baked_Yam,Baked_Yam,2
634,Tropical_Banana,Tropical_Banana,2
635,Horror_of_Tribe,Horror_of_Tribe,2
636,No_Recipient,No_Recipient,2
637,Old_Broom,Old_Broom,2
638,Silver_Knife_of_Chastity,Silver_Knife_of_Chastity,2
639,Armlet_of_Obedience,Armlet_of_Obedience,2
640,Shining_Stone,Shining_Stone,2
641,Contracts_in_Shadow,Contracts_in_Shadow,2
642,Book_of_Devil,Book_of_Devil,2
643,Pet_Incubator,Pet_Incubator,2
645,Gift_Box,Gift_Box,
9001,Poring_Egg,Poring_Egg,7,,0,,,,,,,,,,,,,,,,,,,,,,,,,,,,,,,,
9002,Drops_Egg,Drops_Egg,7,,0,,,,,,,,,,,,,,,,,,,,,,,,,,,,,,,,
9003,Poporing_Egg,Poporing_Egg,7,,0,,,,,,,,,,,,,,,,,,,,,,,,,,,,,,,,
9004,Lunatic_Egg,Lunatic_Egg,7,,0,,,,,,,,,,,,,,,,,,,,,,,,,,,,,,,,
9005,Picky_Egg,Picky_Egg,7,,0,,,,,,,,,,,,,,,,,,,,,,,,,,,,,,,,
9006,Chonchon_Egg,Chonchon_Egg,7,,0,,,,,,,,,,,,,,,,,,,,,,,,,,,,,,,,
9007,Steel_Chonchon_Egg,Steel_Chonchon_Egg,7,,0,,,,,,,,,,,,,,,,,,,,,,,,,,,,,,,,
9008,Hunter_Fly_Egg,Hunter_Fly_Egg,7,,0,,,,,,,,,,,,,,,,,,,,,,,,,,,,,,,,
9009,Savage_Bebe_Egg,Savage_Bebe_Egg,7,,0,,,,,,,,,,,,,,,,,,,,,,,,,,,,,,,,
9010,Baby_Desert_Wolf_Egg,Baby_Desert_Wolf_Egg,7,,0,,,,,,,,,,,,,,,,,,,,,,,,,,,,,,,,
9011,Rocker_Egg,Rocker_Egg,7,,0,,,,,,,,,,,,,,,,,,,,,,,,,,,,,,,,
9012,Spore_Egg,Spore_Egg,7,,0,,,,,,,,,,,,,,,,,,,,,,,,,,,,,,,,
9013,Poison_Spore_Egg,Poison_Spore_Egg,7,,0,,,,,,,,,,,,,,,,,,,,,,,,,,,,,,,,
9014,PecoPeco_Egg,PecoPeco_Egg,7,,0,,,,,,,,,,,,,,,,,,,,,,,,,,,,,,,,
9015,Smokie_Egg,Smokie_Egg,7,,0,,,,,,,,,,,,,,,,,,,,,,,,,,,,,,,,
9016,Yoyo_Egg,Yoyo_Egg,7,,0,,,,,,,,,,,,,,,,,,,,,,,,,,,,,,,,
9017,Orc_Warrior_Egg,Orc_Warrior_Egg,7,,0,,,,,,,,,,,,,,,,,,,,,,,,,,,,,,,,
9018,Munak_Egg,Munak_Egg,7,,0,,,,,,,,,,,,,,,,,,,,,,,,,,,,,,,,
9019,Dokkaebi_Egg,Dokkaebi_Egg,7,,0,,,,,,,,,,,,,,,,,,,,,,,,,,,,,,,,
9020,Sohee_Egg,Sohee_Egg,7,,0,,,,,,,,,,,,,,,,,,,,,,,,,,,,,,,,
9021,Isis_Egg,Isis_Egg,7,,0,,,,,,,,,,,,,,,,,,,,,,,,,,,,,,,,
9022,Green_Petite_Egg,Green_Petite_Egg,7,,0,,,,,,,,,,,,,,,,,,,,,,,,,,,,,,,,
9023,Deviruchi_Egg,Deviruchi_Egg,7,,0,,,,,,,,,,,,,,,,,,,,,,,,,,,,,,,,
9024,Bapho_Jr._Egg,Bapho_Jr._Egg,7,,0,,,,,,,,,,,,,,,,,,,,,,,,,,,,,,,,
10001,Skull_Helm,Skull_Helm,8,,0,,,,,,,,,,,,,,,,,,,,,,,,,,,,,,,,
10002,Monster_Oxygen_Mask,Monster_Oxygen_Mask,8,,0,,,,,,,,,,,,,,,,,,,,,,,,,,,,,,,,
10003,Transparent_Head_Protector,Transparent_Head_Protector,8,,0,,,,,,,,,,,,,,,,,,,,,,,,,,,,,,,,
10004,Pacifier,Pacifier,8,,0,,,,,,,,,,,,,,,,,,,,,,,,,,,,,,,,
10005,Wig,Wig,8,,0,,,,,,,,,,,,,,,,,,,,,,,,,,,,,,,,
10006,Queen's_Hair_Ornament,Queen's_Hair_Ornament,8,,0,,,,,,,,,,,,,,,,,,,,,,,,,,,,,,,,
10007,Silk_Ribbon,Silk_Ribbon,8,,0,,,,,,,,,,,,,,,,,,,,,,,,,,,,,,,,
10008,Punisher,Punisher,8,,0,,,,,,,,,,,,,,,,,,,,,,,,,,,,,,,,
10009,Wild_Flower,Wild_Flower,8,,0,,,,,,,,,,,,,,,,,,,,,,,,,,,,,,,,
10010,Battered_Pot,Battered_Pot,8,,0,,,,,,,,,,,,,,,,,,,,,,,,,,,,,,,,
10011,Stellar_Hairpin,Stellar_Hairpin,8,,0,,,,,,,,,,,,,,,,,,,,,,,,,,,,,,,,
10012,Tiny_Egg_Shell,Tiny_Egg_Shell,8,,0,,,,,,,,,,,,,,,,,,,,,,,,,,,,,,,,
10013,Backpack,Backpack,8,,0,,,,,,,,,,,,,,,,,,,,,,,,,,,,,,,,
10014,Rocker_Glasses,Rocker_Glasses,8,,0,,,,,,,,,,,,,,,,,,,,,,,,,,,,,,,,
10015,Green_Lace,Green_Lace,8,,0,,,,,,,,,,,,,,,,,,,,,,,,,,,,,,,,
10016,Golden_Bell,Golden_Bell,8,,0,,,,,,,,,,,,,,,,,,,,,,,,,,,,,,,,
10017,Bark_Shorts,Bark_Shorts,8,,0,,,,,,,,,,,,,,,,,,,,,,,,,,,,,,,,
10018,Monkey_Circlet,Monkey_Circlet,8,,0,,,,,,,,,,,,,,,,,,,,,,,,,,,,,,,,
10019,Red_Muffler,Red_Muffler,8,,0,,,,,,,,,,,,,,,,,,,,,,,,,,,,,,,,
537,Pet_Food,Pet_Food,0,2,,,,,,,,,,,,,,,,,,,,,,,,,,,,,,,,,
538,Well-baked_Cookie,Well-baked_Cookie,0,1000,0,30,,,,,,,,,,,,,,,,,,,,,,,,,,,,,,,
539,Piece_of_Cake,Piece_of_Cake,0,3000,0,100,,,,,,,,,,,,,,,,,,,,,,,,,,,,,,,
7038,Yarn,Yarn
7039,Newbie_Tag,Newbie_Tag
7040,Megaphone,Megaphone
7041,Fine_Grit,Fine_Grit
7042,Leather_Bag_of_Infinity,Leather_Bag_of_Infinity
7043,Fine_Sand,Fine_Sand
7044,Vigorgra,Vigorgra
7045,Magic_Paint,Magic_Paint
7046,Cart_Parts,Cart_Parts
7047,Alice's_Apron,Alice's_Apron
7048,Talon_of_Griffon,Talon_of_Griffon
7049,Stone,Stone
7050,Cotton_Mat,Cotton_Mat
7051,Silk_Mat,Silk_Mat
7052,Wasted_Magazine,Wasted_Magazine
7053,Cyfar,Cyfar
7054,Brigan,Brigan,,,,,,,,,,,,,,,,,,,,,,,,,,,,,,,,,,
7055,Animal_Poop,Animal_Poop,,,,,,,,,,,,,,,,,,,,,,,,,,,,,,,,,,
540,Feed_for_Falcon,Feed_for_Falcon,,,,,,,,,,,,,,,,,,,,,,,,,,,,,,,,,,
541,Feed_for_PecoPeco,Feed_for_PecoPeco,,,,,,,,,,,,,,,,,,,,,,,,,,,,,,,,,,
1757,Immaterial_Arrow,Immaterial_Arrow,,,,,,,,,,,,,,,,,,,,,,,,,,,,,,,,,,
1758,Stun_Arrow,Stun_Arrow,,,,,,,,,,,,,,,,,,,,,,,,,,,,,,,,,,
1759,Freezing_Arrow,Freezing_Arrow,,,,,,,,,,,,,,,,,,,,,,,,,,,,,,,,,,
1760,Flash_Arrow,Flash_Arrow,,,,,,,,,,,,,,,,,,,,,,,,,,,,,,,,,,
1761,Curse_Arrow,Curse_Arrow,,,,,,,,,,,,,,,,,,,,,,,,,,,,,,,,,,
1762,Rusty_Arrow,Rusty_Arrow,,,,,,,,,,,,,,,,,,,,,,,,,,,,,,,,,,
1763,Poison_Arrow,Poison_Arrow,,,,,,,,,,,,,,,,,,,,,,,,,,,,,,,,,,
1764,Sharp_Arrow,Sharp_Arrow,,,,,,,,,,,,,,,,,,,,,,,,,,,,,,,,,,
1765,Orideon_Arrow,Orideon_Arrow,,,,,,,,,,,,,,,,,,,,,,,,,,,,,,,,,,
1766,Arrow_of_Counter_Evil,Arrow_of_Counter_Evil,10,500,0,3,50,0,0,0,0,0,0,0,0,0,0,0,0,0,0,0,1,0,0,0,0,0,0,0,0,0,0,0,0,0
1767,Arrow_of_Shadow,Arrow_of_Shadow,,,,,,,,,,,,,,,,,,,,,,,,,,,,,,,,,,
1768,Sleep_Arrow,Sleep_Arrow,,,,,,,,,,,,,,,,,,,,,,,,,,,,,,,,,,
1769,Mute_Arrow,Mute_Arrow,,,,,,,,,,,,,,,,,,,,,,,,,,,,,,,,,,
1770,Steel_Arrow,Steel_Arrow,,,,,,,,,,,,,,,,,,,,,,,,,,,,,,,,,,
645,Concentration_Potion,Concentration_Potion,,,,,,,,,,,,,,,,,,,,,,,,,,,,,,,,,,
656,Awakening_Potion,Awakening_Potion,,,,,,,,,,,,,,,,,,,,,,,,,,,,,,,,,,
657,Verserk_Potion,Verserk_Potion,,,,,,,,,,,,,,,,,,,,,,,,,,,,,,,,,,
542,Festive_Cookie,Festive_Cookie,,,,,,,,,,,,,,,,,,,,,,,,,,,,,,,,,,
543,Festive_Rainbow_Cake,Festive_Rainbow_Cake,,,,,,,,,,,,,,,,,,,,,,,,,,,,,,,,,,
544,Raw_Fish,Raw_Fish,,,,,,,,,,,,,,,,,,,,,,,,,,,,,,,,,,
658,Tribal_Solidarity,Tribal_Solidarity,,,,,,,,,,,,,,,,,,,,,,,,,,,,,,,,,,
659,Her_Heart,Her_Heart,,,,,,,,,,,,,,,,,,,,,,,,,,,,,,,,,,
1142,Jeweled_Sword,Jeweled_Sword,,,,,,,,,,,,,,,,,,,,,,,,,,,,,,,,,,
1143,Gaia_Sword,Gaia_Sword,,,,,,,,,,,,,,,,,,,,,,,,,,,,,,,,,,
1144,Sashimi,Sashimi
1238,Zenny_Knife,Zenny_Knife
1239,Poison_Knife,Poison_Knife
1240,Princess_Knife,Princess_Knife
1306,War_Axe,War_Axe
1417,Poll_Axe,Poll_Axe
1472,Staff_of_Soul,Staff_of_Soul
1473,Wizardry_Staff,Wizardry_Staff
1529,Iron_Driver,Iron_Driver
1530,Mjollnir,Mjollnir
1531,Wrench,Wrench
1599,Angra_Mainyu,Angra_Mainyu
2109,Memory_Book,Memory_Book
2410,Sleipnir,Sleipnir
2629,Megingjard,Megingjard
2630,Brisingamen,Brisingamen
5020,Kafra_Band,Kafra_Band
5021,Money_Loser's_Grief,Money_Loser's_Grief
5022,Hat_of_the_Sun_God,Hat_of_the_Sun_God
5023,Parcel_Hat,Parcel_Hat
5024,Cake_Hat,Cake_Hat
5025,Helm_of_Angel,Helm_of_Angel
5026,Chef_Hat,Chef_Hat
7056,Payment_Statement_for_Kafra_Employee,Payment_Statement_for_Kafra_Employee
7057,Gjallar,Gjallar
7058,Gleipnir,Gleipnir
7059,Free_Ticket_for_Kafra_Storage,Free_Ticket_for_Kafra_Storage
7060,Free_Ticket_for_Kafra_Transportation,Free_Ticket_for_Kafra_Transportation
7061,Free_Ticket_for_the_Cart_Service,Free_Ticket_for_the_Cart_Service
7062,Turtle_Shell,Turtle_Shell
7063,Soft_Feather,Soft_Feather
7064,Wing_of_Dragonfly,Wing_of_Dragonfly
7065,Sea-otter_Fur,Sea-otter_Fur
7066,Ice_Cubic,Ice_Cubic
7067,Stone_Fragment,Stone_Fragment
7068,Burnt_Tree,Burnt_Tree
7069,Destroyed_Armor,Destroyed_Armor
7070,Broken_Shell,Broken_Shell
7071,Tattered_Clothes,Tattered_Clothes
7072,Old_Shuriken,Old_Shuriken
7073,Freyja's_Jewel,Freyja's_Jewel
7074,Thor's_Guntlet,Thor's_Guntlet
7075,Iron_Maiden,Iron_Maiden
7076,Wheel_of_the_Unknown,Wheel_of_the_Unknown
7077,Silver_Ornament,Silver_Ornament
7078,Wrath_of_Valkyrie,Wrath_of_Valkyrie
7079,Feather_of_Angel_Wing,Feather_of_Angel_Wing
7080,Tread_of_Cat,Tread_of_Cat
7081,Woman's_Moustache,Woman's_Moustache
7082,Root_of_Stone,Root_of_Stone
7083,Spirit_of_Fish,Spirit_of_Fish
7084,Sputum_of_Bird,Sputum_of_Bird
7085,Sinew_of_Bear,Sinew_of_Bear
7086,Amblem_of_the_Sun_God,Amblem_of_the_Sun_God
7087,Breath_of_Spirit,Breath_of_Spirit
7088,Snow_Crystal,Snow_Crystal
7089,Omen_of_Tempest,Omen_of_Tempest
7090,Ripple,Ripple
7091,Billow,Billow
7092,Drifting_Air,Drifting_Air
9025,Bongun_Egg,Bongun_Egg
10020,Sword_of_Chinese_Exorcist,Sword_of_Chinese_Exorcist
2199,Ahura_Mazdah,Ahura_Mazdah
5027,Mage_Hat,Mage_Hat
5028,Candle,Candle
5029,Spore_Hat,Spore_Hat
5030,Panda_Hat,Panda_Hat
5031,Mine_Hat,Mine_Hat
5032,Sunday_Hat,Sunday_Hat
5033,Raccon_Hat,Raccon_Hat
5034,Bulb_Band,Bulb_Band
5035,Poring_Hat,Poring_Hat
5036,Cross_Hat,Cross_Hat
5037,Nut_Shell,Nut_Shell
5038,Hat_of_Petite_Diablo,Hat_of_Petite_Diablo
5039,Ranbow_Eggshell,Ranbow_Eggshell
5040,Blush,Blush
5041,Heart_Hairpin,Heart_Hairpin
5042,_,_
5043,Phantom_of_Opera,Phantom_of_Opera
5044,Wing_of_Diablo,Wing_of_Diablo,,,,,,,,,,,,,,,,,,,,,,,,,,,,,,,,,,
5045,Magician_Hat,Magician_Hat,,,,,,,,,,,,,,,,,,,,,,,,,,,,,,,,,,
5046,Bongun_Hat,Bongun_Hat,,,,,,,,,,,,,,,,,,,,,,,,,,,,,,,,,,
5047,Fashionable_Glasses,Fashionable_Glasses,,,,,,,,,,,,,,,,,,,,,,,,,,,,,,,,,,
5048,Cresent_Hairpin,Cresent_Hairpin,,,,,,,,,,,,,,,,,,,,,,,,,,,,,,,,,,
5049,Stripe_Hairband,Stripe_Hairband,,,,,,,,,,,,,,,,,,,,,,,,,,,,,,,,,,
5050,Wonder_Nutshell,Wonder_Nutshell,,,,,,,,,,,,,,,,,,,,,,,,,,,,,,,,,,
5051,Bell_of_Pussycat,Bell_of_Pussycat,,,,,,,,,,,,,,,,,,,,,,,,,,,,,,,,,,
5052,Blue_Hairband,Blue_Hairband,,,,,,,,,,,,,,,,,,,,,,,,,,,,,,,,,,
5053,Sphinx_Hat,Sphinx_Hat,,,,,,,,,,,,,,,,,,,,,,,,,,,,,,,,,,
644,Xmas_Present,Xmas_Present,2,2,0,200,,,,,,,,,,,,,,,,,,,,,,,,,,,,,,
