45,WARPNPC,WARPNPC,0,0,0,0,0,0,0,0,0,0,0,0,0,0,0,20,1,200,0,0,0,,,,,,,,,,,,,,0,512,0
46,1_ETC_01,1_ETC_01,0,0,0,0,0,0,0,0,0,0,0,0,0,0,0,0,1,200,0,0,0,,,,,,,,,,,,,,0,512,0
47,1_M_01,1_M_01,0,0,0,0,0,0,0,0,0,0,0,0,0,0,0,0,1,300,0,0,0,,,,,,,,,,,,,,0,512,0
48,1_M_02,1_M_02,0,0,0,0,0,0,0,0,0,0,0,0,0,0,0,0,1,200,0,0,0,,,,,,,,,,,,,,0,512,0
49,1_M_03,1_M_03,0,0,0,0,0,0,0,0,0,0,0,0,0,0,0,0,1,200,0,0,0,,,,,,,,,,,,,,0,512,0
50,1_M_04,1_M_04,0,0,0,0,0,0,0,0,0,0,0,0,0,0,0,0,1,200,0,0,0,,,,,,,,,,,,,,0,512,0
51,1_M_BARD,1_M_BARD,0,0,0,0,0,0,0,0,0,0,0,0,0,0,0,0,1,300,0,0,0,,,,,,,,,,,,,,0,512,0
52,1_M_HOF,1_M_HOF,0,0,0,0,0,0,0,0,0,0,0,0,0,0,0,0,1,200,0,0,0,,,,,,,,,,,,,,0,512,0
53,1_M_INNKEEPER,1_M_INNKEEPER,0,0,0,0,0,0,0,0,0,0,0,0,0,0,0,0,1,300,0,0,0,,,,,,,,,,,,,,0,512,0
54,1_M_JOBGUIDER,1_M_JOBGUIDER,0,0,0,0,0,0,0,0,0,0,0,0,0,0,0,0,1,200,0,0,0,,,,,,,,,,,,,,0,512,0
55,1_M_JOBTESTER,1_M_JOBTESTER,0,0,0,0,0,0,0,0,0,0,0,0,0,0,0,0,1,200,0,0,0,,,,,,,,,,,,,,0,512,0
56,1_M_KNIGHTMASTER,1_M_KNIGHTMASTER,0,0,0,0,0,0,0,0,0,0,0,0,0,0,0,0,1,300,0,0,0,,,,,,,,,,,,,,0,512,0
57,1_M_LIBRARYMASTER,1_M_LIBRARYMASTER,0,0,0,0,0,0,0,0,0,0,0,0,0,0,0,0,1,200,0,0,0,,,,,,,,,,,,,,0,512,0
58,1_M_MERCHANT,1_M_MERCHANT,0,0,0,0,0,0,0,0,0,0,0,0,0,0,0,0,1,300,0,0,0,,,,,,,,,,,,,,0,512,0
59,1_M_ORIENT01,1_M_ORIENT01,0,0,0,0,0,0,0,0,0,0,0,0,0,0,0,0,1,300,0,0,0,,,,,,,,,,,,,,0,512,0
60,1_M_PASTOR,1_M_PASTOR,0,0,0,0,0,0,0,0,0,0,0,0,0,0,0,0,1,200,0,0,0,,,,,,,,,,,,,,0,512,0
61,1_M_PUBMASTER,1_M_PUBMASTER,0,0,0,0,0,0,0,0,0,0,0,0,0,0,0,0,1,200,0,0,0,,,,,,,,,,,,,,0,512,0
62,1_M_SIZ,1_M_SIZ,0,0,0,0,0,0,0,0,0,0,0,0,0,0,0,0,1,200,0,0,0,,,,,,,,,,,,,,0,512,0
63,1_M_SMITH,1_M_SMITH,0,0,0,0,0,0,0,0,0,0,0,0,0,0,0,0,1,200,0,0,0,,,,,,,,,,,,,,0,512,0
64,1_M_WIZARD,1_M_WIZARD,0,0,0,0,0,0,0,0,0,0,0,0,0,0,0,0,1,300,0,0,0,,,,,,,,,,,,,,0,512,0
65,1_M_YOUNGKNIGHT,1_M_YOUNGKNIGHT,0,0,0,0,0,0,0,0,0,0,0,0,0,0,0,0,1,200,0,0,0,,,,,,,,,,,,,,0,512,0
66,1_F_01,1_F_01,0,0,0,0,0,0,0,0,0,0,0,0,0,0,0,0,1,300,0,0,0,,,,,,,,,,,,,,0,512,0
67,1_F_02,1_F_02,0,0,0,0,0,0,0,0,0,0,0,0,0,0,0,0,1,200,0,0,0,,,,,,,,,,,,,,0,512,0
68,1_F_03,1_F_03,0,0,0,0,0,0,0,0,0,0,0,0,0,0,0,0,1,200,0,0,0,,,,,,,,,,,,,,0,512,0
69,1_F_04,1_F_04,0,0,0,0,0,0,0,0,0,0,0,0,0,0,0,0,1,200,0,0,0,,,,,,,,,,,,,,0,512,0
70,1_F_GYPSY,1_F_GYPSY,0,0,0,0,0,0,0,0,0,0,0,0,0,0,0,0,1,200,0,0,0,,,,,,,,,,,,,,0,512,0
71,1_F_LIBRARYGIRL,1_F_LIBRARYGIRL,0,0,0,0,0,0,0,0,0,0,0,0,0,0,0,0,1,300,0,0,0,,,,,,,,,,,,,,0,512,0
72,1_F_MARIA,1_F_MARIA,0,0,0,0,0,0,0,0,0,0,0,0,0,0,0,0,1,200,0,0,0,,,,,,,,,,,,,,0,512,0
73,1_F_MERCHANT_01,1_F_MERCHANT_01,0,0,0,0,0,0,0,0,0,0,0,0,0,0,0,0,1,200,0,0,0,,,,,,,,,,,,,,0,512,0
74,1_F_MERCHANT_02,1_F_MERCHANT_02,0,0,0,0,0,0,0,0,0,0,0,0,0,0,0,0,1,200,0,0,0,,,,,,,,,,,,,,0,512,0
75,1_F_ORIENT_01,1_F_ORIENT_01,0,0,0,0,0,0,0,0,0,0,0,0,0,0,0,0,1,300,0,0,0,,,,,,,,,,,,,,0,512,0
76,1_F_ORIENT_02,1_F_ORIENT_02,0,0,0,0,0,0,0,0,0,0,0,0,0,0,0,0,1,300,0,0,0,,,,,,,,,,,,,,0,512,0
77,1_F_ORIENT_03,1_F_ORIENT_03,0,0,0,0,0,0,0,0,0,0,0,0,0,0,0,0,1,300,0,0,0,,,,,,,,,,,,,,0,512,0
78,1_F_ORIENT_04,1_F_ORIENT_04,0,0,0,0,0,0,0,0,0,0,0,0,0,0,0,0,1,300,0,0,0,,,,,,,,,,,,,,0,512,0
79,1_F_PRIEST,1_F_PRIEST,0,0,0,0,0,0,0,0,0,0,0,0,0,0,0,0,1,300,0,0,0,,,,,,,,,,,,,,0,512,0
80,1_F_PUBGIRL,1_F_PUBGIRL,0,0,0,0,0,0,0,0,0,0,0,0,0,0,0,0,1,300,0,0,0,,,,,,,,,,,,,,0,512,0
81,4_DOG01,4_DOG01,0,0,0,0,0,0,0,0,0,0,0,0,0,0,0,0,1,300,0,0,0,,,,,,,,,,,,,,0,512,0
82,4_KID01,4_KID01,0,0,0,0,0,0,0,0,0,0,0,0,0,0,0,0,1,300,0,0,0,,,,,,,,,,,,,,0,512,0
83,4_M_01,4_M_01,0,0,0,0,0,0,0,0,0,0,0,0,0,0,0,0,1,300,0,0,0,,,,,,,,,,,,,,0,512,0
84,4_M_02,4_M_02,0,0,0,0,0,0,0,0,0,0,0,0,0,0,0,0,1,300,0,0,0,,,,,,,,,,,,,,0,512,0
85,4_M_03,4_M_03,0,0,0,0,0,0,0,0,0,0,0,0,0,0,0,0,1,300,0,0,0,,,,,,,,,,,,,,0,512,0
86,4_M_04,4_M_04,0,0,0,0,0,0,0,0,0,0,0,0,0,0,0,0,1,300,0,0,0,,,,,,,,,,,,,,0,512,0
87,4_M_BARBER,4_M_BARBER,0,0,0,0,0,0,0,0,0,0,0,0,0,0,0,0,1,300,0,0,0,,,,,,,,,,,,,,0,512,0
88,4_M_ORIENT01,4_M_ORIENT01,0,0,0,0,0,0,0,0,0,0,0,0,0,0,0,0,1,300,0,0,0,,,,,,,,,,,,,,0,512,0
89,4_M_ORIENT02,4_M_ORIENT02,0,0,0,0,0,0,0,0,0,0,0,0,0,0,0,0,1,300,0,0,0,,,,,,,,,,,,,,0,512,0
90,4_F_01,4_F_01,0,0,0,0,0,0,0,0,0,0,0,0,0,0,0,0,1,300,0,0,0,,,,,,,,,,,,,,0,512,0
91,4_F_02,4_F_02,0,0,0,0,0,0,0,0,0,0,0,0,0,0,0,0,1,300,0,0,0,,,,,,,,,,,,,,0,512,0
92,4_F_03,4_F_03,0,0,0,0,0,0,0,0,0,0,0,0,0,0,0,0,1,300,0,0,0,,,,,,,,,,,,,,0,512,0
93,4_F_04,4_F_04,0,0,0,0,0,0,0,0,0,0,0,0,0,0,0,0,1,300,0,0,0,,,,,,,,,,,,,,0,512,0
94,4_F_MAID,4_F_MAID,0,0,0,0,0,0,0,0,0,0,0,0,0,0,0,0,1,300,0,0,0,,,,,,,,,,,,,,0,512,0
95,4_F_SISTER,4_F_SISTER,0,0,0,0,0,0,0,0,0,0,0,0,0,0,0,0,1,300,0,0,0,,,,,,,,,,,,,,0,512,0
96,4W_KID,4W_KID,0,0,0,0,0,0,0,0,0,0,0,0,0,0,0,0,1,300,0,0,0,,,,,,,,,,,,,,0,512,0
97,4W_M_01,4W_M_01,0,0,0,0,0,0,0,0,0,0,0,0,0,0,0,0,1,300,0,0,0,,,,,,,,,,,,,,0,512,0
98,4W_M_02,4W_M_02,0,0,0,0,0,0,0,0,0,0,0,0,0,0,0,0,1,300,0,0,0,,,,,,,,,,,,,,0,512,0
99,4W_M_03,4W_M_03,0,0,0,0,0,0,0,0,0,0,0,0,0,0,0,0,1,300,0,0,0,,,,,,,,,,,,,,0,512,0
100,4W_SAILOR,4W_SAILOR,0,0,0,0,0,0,0,0,0,0,0,0,0,0,0,0,1,300,0,0,0,,,,,,,,,,,,,,0,512,0
101,4W_F_01,4W_F_01,0,0,0,0,0,0,0,0,0,0,0,0,0,0,0,0,1,300,0,0,0,,,,,,,,,,,,,,0,512,0
102,8_F,8_F,0,0,0,0,0,0,0,0,0,0,0,0,0,0,0,0,1,300,0,0,0,,,,,,,,,,,,,,0,512,0
103,8_F_GRANDMOTHER,8_F_GRANDMOTHER,0,0,0,0,0,0,0,0,0,0,0,0,0,0,0,0,1,300,0,0,0,,,,,,,,,,,,,,0,512,0
104,EFFECT_NPC,EFFECT_NPC,0,0,0,0,0,0,0,0,0,0,0,0,0,0,0,20,1,200,0,0,0,,,,,,,,,,,,,,0,512,0
105,8W_SOLDIER,8W_SOLDIER,0,0,0,0,0,0,0,0,0,0,0,0,0,0,0,0,1,300,0,0,0,,,,,,,,,,,,,,0,512,0
106,1_M_MOC_LORD,1_M_MOC_LORD,0,0,0,0,0,0,0,0,0,0,0,0,0,0,0,0,1,0,0,0,0,,,,,,,,,,,,,,0,512,0
107,1_M_PAY_ELDER,1_M_PAY_ELDER,0,0,0,0,0,0,0,0,0,0,0,0,0,0,0,0,1,0,0,0,0,,,,,,,,,,,,,,0,512,0
108,1_M_PRON_KING,1_M_PRON_KING,0,0,0,0,0,0,0,0,0,0,0,0,0,0,0,0,1,0,0,0,0,,,,,,,,,,,,,,0,512,0
109,4_M_MANAGER,4_M_MANAGER,0,0,0,0,0,0,0,0,0,0,0,0,0,0,0,0,1,0,0,0,0,,,,,,,,,,,,,,0,512,0
110,4_M_MINISTER,4_M_MINISTER,0,0,0,0,0,0,0,0,0,0,0,0,0,0,0,0,1,0,0,0,0,,,,,,,,,,,,,,0,512,0
111,HIDDEN_NPC,HIDDEN_NPC,0,0,0,0,0,0,0,0,0,0,0,0,0,0,0,20,1,0,0,0,0,,,,,,,,,,,,,,0,512,0
112,4_F_KAFRA6,4_F_KAFRA6,0,0,0,0,0,0,0,0,0,0,0,0,0,0,0,0,1,300,0,0,0,,,,,,,,,,,,,,0,512,0
113,4_F_KAFRA5,4_F_KAFRA5,0,0,0,0,0,0,0,0,0,0,0,0,0,0,0,0,1,300,0,0,0,,,,,,,,,,,,,,0,512,0
114,4_F_KAFRA4,4_F_KAFRA4,0,0,0,0,0,0,0,0,0,0,0,0,0,0,0,0,1,300,0,0,0,,,,,,,,,,,,,,0,512,0
115,4_F_KAFRA3,4_F_KAFRA3,0,0,0,0,0,0,0,0,0,0,0,0,0,0,0,0,1,300,0,0,0,,,,,,,,,,,,,,0,512,0
116,4_F_KAFRA2,4_F_KAFRA2,0,0,0,0,0,0,0,0,0,0,0,0,0,0,0,0,1,300,0,0,0,,,,,,,,,,,,,,0,512,0
117,4_F_KAFRA1,4_F_KAFRA1,0,0,0,0,0,0,0,0,0,0,0,0,0,0,0,0,1,300,0,0,0,,,,,,,,,,,,,,0,512,0
118,2_M_THIEFMASTER,2_M_THIEFMASTER,0,0,0,0,0,0,0,0,0,0,0,0,0,0,0,0,1,300,0,0,0,,,,,,,,,,,,,,0,512,0
119,2_M_SWORDMASTER,2_M_SWORDMASTER,0,0,0,0,0,0,0,0,0,0,0,0,0,0,0,0,1,300,0,0,0,,,,,,,,,,,,,,0,512,0
120,2_M_PHARMACIST,2_M_PHARMACIST,0,0,0,0,0,0,0,0,0,0,0,0,0,0,0,0,1,300,0,0,0,,,,,,,,,,,,,,0,512,0
121,2_M_MOLGENSTEIN,2_M_MOLGENSTEIN,0,0,0,0,0,0,0,0,0,0,0,0,0,0,0,0,1,300,0,0,0,,,,,,,,,,,,,,0,512,0
122,2_M_DYEINGER,2_M_DYEINGER,0,0,0,0,0,0,0,0,0,0,0,0,0,0,0,0,1,300,0,0,0,,,,,,,,,,,,,,0,512,0
123,2_F_MAGICMASTER,2_F_MAGICMASTER,0,0,0,0,0,0,0,0,0,0,0,0,0,0,0,0,1,300,0,0,0,,,,,,,,,,,,,,0,512,0
124,4_F_TELEPORTER,4_F_TELEPORTER,0,0,0,0,0,0,0,0,0,0,0,0,0,0,0,0,1,200,0,0,0,,,,,,,,,,,,,,0,512,0
125,4_M_TELEPORTER,4_M_TELEPORTER,0,0,0,0,0,0,0,0,0,0,0,0,0,0,0,0,1,200,0,0,0,,,,,,,,,,,,,,0,512,0
139,HIDDEN_WARP_NPC,HIDDEN_WARP_NPC,0,0,0,0,0,0,0,0,0,0,0,0,0,0,0,0,1,0,0,0,0,,,,,,,,,,,,,,0,512,0
700,8_F_GIRL,8_F_GIRL,0,0,0,0,0,0,0,0,0,0,0,0,0,0,0,0,1,300,0,0,0,,,,,,,,,,,,,,0,512,0
701,4_F_GODEMOM,4_F_GODEMOM,0,0,0,0,0,0,0,0,0,0,0,0,0,0,0,0,1,200,0,0,0,,,,,,,,,,,,,,0,512,0
702,4_F_GON,4_F_GON,0,0,0,0,0,0,0,0,0,0,0,0,0,0,0,0,1,200,0,0,0,,,,,,,,,,,,,,0,512,0
703,4_F_KID2,4_F_KID2,0,0,0,0,0,0,0,0,0,0,0,0,0,0,0,0,1,200,0,0,0,,,,,,,,,,,,,,0,512,0
704,4_M_BIBI,4_M_BIBI,0,0,0,0,0,0,0,0,0,0,0,0,0,0,0,0,1,200,0,0,0,,,,,,,,,,,,,,0,512,0
705,4_M_GEF_SOLDIER,4_M_GEF_SOLDIER,0,0,0,0,0,0,0,0,0,0,0,0,0,0,0,0,1,200,0,0,0,,,,,,,,,,,,,,0,512,0
706,4_M_KID1,4_M_KID1,0,0,0,0,0,0,0,0,0,0,0,0,0,0,0,0,1,200,0,0,0,,,,,,,,,,,,,,0,512,0
707,4_M_MOC_SOLDIER,4_M_MOC_SOLDIER,0,0,0,0,0,0,0,0,0,0,0,0,0,0,0,0,1,200,0,0,0,,,,,,,,,,,,,,0,512,0
708,4_M_PAY_SOLDIER,4_M_PAY_SOLDIER,0,0,0,0,0,0,0,0,0,0,0,0,0,0,0,0,1,200,0,0,0,,,,,,,,,,,,,,0,512,0
709,4_M_SEAMAN,4_M_SEAMAN,0,0,0,0,0,0,0,0,0,0,0,0,0,0,0,0,1,200,0,0,0,,,,,,,,,,,,,,0,512,0
710,4_M_SNOWMAN,4_M_SNOWMAN,0,0,0,0,0,0,0,0,0,0,0,0,0,0,0,0,1,300,0,0,0,,,,,,,,,,,,,,0,512,0
711,4_F_05,4_F_05,0,0,0,0,0,0,0,0,0,0,0,0,0,0,0,0,1,300,0,0,0,,,,,,,,,,,,,,0,512,0
712,4_M_05,4_M_05,0,0,0,0,0,0,0,0,0,0,0,0,0,0,0,0,1,300,0,0,0,,,,,,,,,,,,,,0,512,0
713,4_M_06,4_M_06,0,0,0,0,0,0,0,0,0,0,0,0,0,0,0,0,1,300,0,0,0,,,,,,,,,,,,,,0,512,0
714,4_F_06,4_F_06,0,0,0,0,0,0,0,0,0,0,0,0,0,0,0,0,1,300,0,0,0,,,,,,,,,,,,,,0,512,0
715,4_M_PIERROT,4_M_PIERROT,0,0,0,0,0,0,0,0,0,0,0,0,0,0,0,0,1,300,0,0,0,,,,,,,,,,,,,,0,512,0
716,4_M_KID2,4_M_KID2,0,0,0,0,0,0,0,0,0,0,0,0,0,0,0,0,1,300,0,0,0,,,,,,,,,,,,,,0,512,0
717,4_F_KID3,4_F_KID3,0,0,0,0,0,0,0,0,0,0,0,0,0,0,0,0,1,300,0,0,0,,,,,,,,,,,,,,0,512,0
718,4_M_SANTA,4_M_SANTA,0,0,0,0,0,0,0,0,0,0,0,0,0,0,0,0,1,300,0,0,0,,,,,,,,,,,,,,0,512,0
719,4_F_NACORURI,4_F_NACORURI,0,0,0,0,1,0,0,0,0,0,0,0,0,0,0,0,1,300,0,0,0,,,,,,,,,,,,,,0,512,0
720,4_F_SHAMAN,4_F_SHAMAN,0,0,0,0,1,0,0,0,0,0,0,0,0,0,0,0,1,300,0,0,0,,,,,,,,,,,,,,0,512,0
1001,SCORPION,スコーピオン,24,1056,261,160,1,28,143,24,35,1,8,76,48,0,4,23,17,200,1564,864,576,904:5000,943:3000,511:4800,508:3500,757:1000,990:1500,4068:0.005,,,,,,,,,
1002,PORING,ポリン,1,50,2,1,1,3,7,1,0,1,0,7,2,1,3,21,3,400,1872,672,480,909:8000,507:2000,1201:2000,713:2000,938:0.05,4001:500,512:500,4001:0.005,,,,,,,,
1003,PORING,ポリン,1,50,2,1,1,3,7,1,0,1,0,7,2,1,3,21,3,400,1872,672,480,909:8000,507:2000,1201:2000,713:2000,938:0.05,4001:500,512:500,4001:0.005,,,,,,,,
1004,HORNET,ホーネット,8,175,17,14,1,5,22,8,2,1,2,25,28,0,4,24,9,150,1292,792,216,909:6000,939:4800,511:3500,518:2000,722:500,1207:1000,992:800,4019:0.005,,,,,,,,
1005,FARMILIAR,ファミリア,8,150,26,14,1,6,23,8,3,1,3,36,20,0,2,27,5,150,1276,576,384,913:5000,507:3000,514:1000,512:0.05,601:500,2208:500,1104:250,4020:0.005,,,,,,,,
1006,PORING,ポリン,1,50,2,1,1,3,7,1,0,1,0,7,2,1,3,21,3,400,1872,672,480,909:8000,507:2000,1201:2000,713:2000,938:0.05,4001:500,512:500,4001:0.005,,,,,,,,
1007,FABRE,ファブル,2,63,3,2,1,3,8,4,0,1,0,9,4,0,4,22,1,400,1672,672,480,914:5000,949:2000,705:3000,721:500,511:2000,1002:1500,4002:0.005,1501:500,,,,,,,,
1008,PUPA,プパ,2,450,2,4,0,1,1,1,15,1,0,3,3,0,4,22,0,1000,1001,1,1,935:4000,915:3500,938:3000,1010:2000,1002:2000,2101:1000,4003:500,,,,,,,,,
1009,CONDOR,コンドル,5,90,6,5,1,3,11,5,2,1,2,18,18,1,2,24,9,150,1148,648,480,917:5000,916:4800,1750:5000,517:2000,715:1000,1701:1000,4015:0.005,,,,,,,,,
1010,WILOW,ウィロー,4,100,5,4,1,3,9,8,0,1,30,13,8,1,3,22,1,200,1672,672,432,516:3500,902:4500,507:3500,1019:500,1067:1000,1066:800,4010:0.005,1068:600,,,,,,,,
1011,CHONCHON,チョンチョン,4,75,5,4,1,3,10,4,0,1,0,16,14,0,4,24,1,200,1076,576,480,909:6000,935:4000,601:3500,742:2000,998:500,1002:1000,4009:0.005,1204:1000,1201:1000
1012,RODA_FROG,ロッダフロッグ,5,130,6,5,1,3,11,5,2,1,3,15,10,1,5,21,1,200,2016,816,288,713:4000,908:4800,918:5000,511:3500,1011:1000,721:500,1204:1500,4014:0.005,
1013,WOLF,ウルフ,12,375,45,32,1,9,37,24,8,1,4,42,24,1,2,22,9,200,1054,54,432,920:7000,919:7000,528:2000,2307:100,4029:0.05,1011:1000,,,
1014,SPORE,スポア,9,320,20,16,1,5,24,9,2,1,3,23,18,1,3,21,1,200,1872,672,288,921:6000,507:4800,510:3000,743:1000,2220:2000,4019:0.005,,,
1015,ZOMBIE,ゾンビ,15,518,50,33,1,12,67,7,3,1,6,30,23,1,1,29,5,400,2612,912,288,,,,,,,,,
1016,ARCHER_SKELETON,アーチャースケルトン,31,2867,440,278,9,24,149,31,6,1,12,156,39,1,1,29,5,300,2864,864,576,757:500,756:100,501:1000,1710:0.05,1704:500,2285:100,4094:0.005,,
1017,PORING,ポリン,1,50,2,1,1,3,7,1,0,1,0,7,2,1,3,21,3,400,1872,672,480,909:8000,507:2000,1201:2000,713:2000,938:0.05,4001:500,512:500,4001:0.005,,,,,,,,
1018,CREAMY,クリーミー,16,561,96,64,1,11,53,16,6,1,30,32,56,0,4,24,1,150,1136,720,840,712:6000,602:3000,924:4500,518:2500,512:3500,2207:500,2321:1000,4040:0.005,
1019,PECOPECO,ペコペコ,13,510,85,36,1,11,35,13,4,1,4,40,26,2,2,23,9,200,1564,864,576,925:6000,508:4500,507:4000,1604:2000,2401:1500,4031:0.005,,,
1020,MANDRAGORA,マンドラゴラ,12,375,45,32,4,9,26,24,8,1,4,48,24,1,3,62,4,1000,1768,768,576,905:6000,511:4000,711:4000,706:50:00,993:2500,1404:1000,4030:0.005,,
1021,PORING,ポリン,1,50,2,1,1,3,7,1,0,1,0,7,2,1,3,21,3,400,1872,672,480,909:8000,507:2000,1201:2000,713:2000,938:0.05,4001:500,512:500,4001:0.005,,,,,,,,
1022,PORING,ポリン,1,50,2,1,1,3,7,1,0,1,0,7,2,1,3,21,3,400,1872,672,480,909:8000,507:2000,1201:2000,713:2000,938:0.05,4001:500,512:500,4001:0.005,,,,,,,,
1023,ORK_WARRIOR,オークウォリアー,24,1320,261,160,1,22,114,48,16,1,8,58,48,1,7,22,5,200,1864,864,288,931:5000,998:3000,1351:1000,1360:1500,757:1000,1304:2000,2267:100,4066:0.005,
1024,WORM_TAIL,ワームテール,14,413,59,40,2,9,42,28,8,1,4,60,28,1,3,22,17,200,1048,48,192,906:6000,508:3000,721:1000,1011:1500,1407:1000,993:1000,4034:0.005,,
1025,SNAKE,スネーク,15,420,66,44,1,9,46,15,12,1,6,50,30,1,2,22,1,200,1576,576,576,937:6000,926:4500,1011:200,1116:1000,4037:0.005,,,,
1026,MUNAK,ムナック,30,2709,361,218,1,46,252,30,6,1,12,76,45,1,1,29,5,200,2468,768,288,901:5000,609:3000,512:1000,1558:2000,2337:500,2264:500,2305:2500,2403:1000,4090:0.005
1027,PORING,ポリン,1,50,2,1,1,3,7,1,0,1,0,7,2,1,3,21,3,400,1872,672,480,909:8000,507:2000,1201:2000,713:2000,938:0.05,4001:500,512:500,4001:0.005,,,,,,,,
1028,SOLDIER_SKELETON,ソルジャースケルトン,29,2457,338,206,1,24,231,29,5,1,10,69,44,1,1,29,5,200,2276,576,432,934:3500,757:500,932:2000,501:1000,1201:500,1213:100,4086:0.005,,
1029,ISIS,イシス,43,4440,2178,903,1,84,443,43,30,1,24,115,108,2,6,27,29,200,1384,768,336,954:7000,936:0.50,731:100,732:0.5,733:1000,4116:0.005,2603:100,2232:0.5,
1030,ANACONDAQ,アナコンダク,23,1026,300,149,1,33,164,23,8,1,8,59,46,1,2,25,17,200,1576,576,576,1154:100,937:7000,926:7000,508:500,1011:100,4062:0.005,1454:0.05,,
1031,POPORING,ポポリン,14,330,74,40,1,13,59,14,4,1,4,33,28,1,3,25,3,300,1672,672,480,909:6000,938:4500,910:4000,514:3000,729:1000,4033:0.005,,
1032,VERIT,ベリット,38,4927,759,470,1,80,419,38,7,1,14,76,57,1,1,29,3,250,2468,768,480,929:3500,912:2500,509:1500,2215:100,2612:1000,4107:0.005,,
1033,ELDER_WILOW,エルダーウィロー,20,708,148,92,1,12,74,20,8,1,8,58,40,1,3,43,1,200,1372,672,432,907:7000,1019:1000,604:500,990:1000,2328:2000,757:500,4052:0.05,
1034,THARA_FROG,タラフロッグ,22,1992,219,138,1,22,105,22,8,1,12,56,44,1,5,41,1,200,2016,816,288,911:5000,908:4500,918:4800,509:3500,725:1000,1011:1500,4058:0.005,
1035,HUNTER_FLY,ハンターフライ,42,4368,1379,866,1,67,346,42,45,1,16,114,147,0,4,44,5,150,1076,576,480,943:3500,912:3000,999:1000,2259:100,1222:300,996:500,4115:0.005,
1036,GHOUL,グール,39,5017,802,492,1,80,430,39,7,1,14,72,59,1,1,49,5,250,2456,912,504,958:3500,934:2500,506:1500,716:100,509:1000,756:10,2609:300,4110:0.005
1037,SIDE_WINDER,サイドワインダー,43,4440,1815,903,1,42,258,43,16,1,16,158,86,1,2,25,29,200,1576,576,576,954:3500,926:2500,937:2000,912:1500,509:2300,984:10,1119:50,4117:0.005
1038,OSIRIS,オシリス,62,30670,15420,6600,1,1680,320,62,24,1,45,190,147,1,1,89,53,100,1072,672,384,930:3500,934:3000,751:1000,608:800,984:100,985:100,4144:0.005,
1039,BAPHOMET,バフォメット,66,17500,26000,6800,2,320,1750,66,50,1,40,183,218,2,6,67,53,100,768,768,576,919:1500,923:1500,750:500,607:300,984:10,1466:100,4147:0.005,
1040,GOLEM,ゴーレム,25,3250,423,86,1,8,190,25,60,1,10,45,50,2,0,60,17,300,1608,816,396,911:5000,953:4500,715:3000,1003:2500,757:1000,4072:0.005,,
1041,MUMMY,マミー,37,4837,717,448,1,55,328,37,7,1,14,112,56,1,1,49,5,300,1772,72,384,930:3500,934:2500,756:100,2604:10,2611:10,4106:0.005,,
1042,STEEL_CHONCHON,スティールチョンチョン,17,583,109,71,1,11,54,17,6,1,6,50,60,0,4,24,11,150,1076,576,480,935:6000,910:4000,943:3000,998:1000,999:700,1002:1500,992:1000,4042:0.005
1043,PORING,ポリン,1,50,2,1,1,3,7,1,0,1,0,7,2,1,3,21,3,400,1872,672,480,909:8000,507:2000,1201:2000,713:2000,938:0.05,4001:500,512:500,4001:0.005,,,,,,,,
1044,OBEAUNE,オボンヌ,31,3528,586,370,1,24,141,31,12,1,36,105,62,1,5,41,29,200,1872,672,288,951:3500,950:1500,720:300,2325:100,5014:10,995:10,4093:0.005,
1045,MARC,マルク,36,6330,898,568,1,53,265,36,14,1,21,92,72,1,5,41,5,150,1272,72,480,951:3500,956:1500,720:300,509:1000,717:300,985:50,995:10,4105:0.005
1046,DOPPELGANGER,ドッフルギャンガ,60,12000,10680,3872,1,183,1250,60,85,1,50,225,150,1,6,67,53,100,480,480,288,505:2500,724:1000,2316:500,2258:100,4142:0.005,,,
1047,PECOPECO_EGG,ペコペコの卵,3,300,4,4,0,1,1,1,60,1,0,4,4,0,0,60,0,1000,1001,1,1,935:5000,736:2000,501:3000,713:4000,1010:2000,2101:1000,4007:0.005,
1048,THIEF_BUG_EGG,盗蟲の卵,4,60,8,4,0,4,13,4,0,1,0,18,10,0,4,27,0,1000,701,1,1,938:5000,915:4800,1002:2000,716:1000,1010:1500,2101:500,4012:0.005,,
1049,PICKY,ピッキ,3,80,4,3,1,3,9,3,0,1,0,13,6,0,2,23,1,200,988,288,168,916:8000,949:7000,519:1000,507:500,715:100,2301:0.05,5015:100,4008:0.005,
1050,PICKY_,すごいピッキ,4,75,5,4,1,3,8,3,30,1,0,15,7,0,2,23,1,200,988,288,168,916:8000,949:7000,519:1000,507:500,715:100,2301:0.05,5015:100,4008:0.005,
1051,THIEF_BUG,盗蟲,6,130,17,5,1,6,18,6,2,1,2,17,12,0,0,60,11,150,1288,288,768,909:5000,955:4800,1002:3500,507:3000,737:500,2304:1500,4016:0.005,,
1052,ROCKER,ロッカ,9,200,20,16,1,5,24,18,4,1,2,23,18,1,4,22,1,200,1864,864,540,909:6000,940:4000,703:1000,520:2000,752:1000,1404:1500,1401:1000,2298:100,4021:0.005
1053,THIEF_BUG_,盗蟲♀,10,170,35,18,1,7,33,10,5,1,6,33,25,1,4,27,11,200,988,288,768,955:6000,928:4000,910:3000,1002:2000,508:2500,716:1000,1107:500,4026:0.005,
1054,THIEF_BUG__,盗蟲♂,19,627,203,85,1,12,76,19,8,1,9,55,48,1,4,27,13,300,988,288,768,955:4000,928:3000,508:1000,729:200,1011:500,1151:100,4050:0.005,,
1055,MUKA,ムカー,15,532,66,44,1,9,43,30,12,1,6,35,30,2,3,22,1,300,1960,960,384,507:6000,713:4500,952:4000,511:3000,1002:2000,1451:1000,993:1500,4036:0.005,
1056,SMOKIE,スモーキー,18,572,122,78,1,11,61,36,12,1,6,44,36,0,2,22,17,200,1576,576,420,945:4000,919:5000,516:4000,512:1000,754:1000,2213:0.01,4044:0.005,,
1057,YOYO,ヨーヨー,19,784,135,85,1,11,71,30,12,1,6,51,43,0,2,22,11,200,1054,54,384,919:5000,942:4500,513:4500,508:3500,753:1000,4051:0.005,,,
1058,METALLER,メタルラ,22,996,219,138,1,28,131,22,8,1,8,71,44,1,4,23,11,200,1708,1008,540,911:5000,935:4500,940:4800,512:0.005,707:100,757:500,990:1000,4057:0.005,
1059,MISTRESS,ミストレス,52,13500,2569,1632,1,172,890,30,60,1,70,141,207,0,4,84,53,100,1148,648,300,518:3000,526:2500,722:2500,712:4500,504:3500,996:2000,2249:500,985:1000,4132:0.005
1060,BIGFOOT,ビッグフット,25,1471,282,171,1,22,236,50,20,1,10,45,50,2,2,22,17,300,1260,192,192,919:5000,948:3000,740:1000,516:4500,512:500,2289:500,4074:0.005,,
1061,NIGHTMARE,ナイトメア,49,4437,1572,1625,1,82,447,49,0,1,72,113,123,2,6,68,29,150,1816,816,432,944:2500,511:1000,510:500,505:100,603:10,2608:10,4127:0.005,,
1062,PORING_,サンタポリン ,3,69,4,5,1,4,12,3,0,1,0,15,17,1,3,26,1,400,1672,672,480,512:4000,507:3500,529:3000,530:2500,741:1000,2236:500,,,
1063,LUNATIC,ルナティック,3,60,6,2,1,3,9,3,0,1,30,11,6,0,2,60,1,200,1456,456,336,914:6000,705:5000,949:2000,515:3500,512:4000,507:3000,1101:1000,2262:100,4006:0.005
1064,MEGALODON,メガロドン,24,1584,196,120,1,33,171,24,4,1,8,50,36,1,1,29,1,200,2492,792,432,959:3500,510:1000,719:10,717:300,603:10,4067:0.005,,
1065,STROUF,ストラウフ,40,7264,1126,684,1,53,294,40,42,1,48,83,80,2,5,61,5,150,1872,672,384,,,,,,,,
1066,VADON,バドン,19,924,135,85,1,11,74,19,30,1,9,55,38,0,5,21,17,300,1632,432,540,935:3500,910:2500,960:2800,943:1000,717:200,2312:10,991:300,4049:0.005
1067,CORNUTUS,カナトゥス,23,1620,240,149,1,22,109,23,30,1,12,59,46,0,5,21,17,200,1248,48,480,911:3500,961:1500,943:1000,757:500,717:200,2105:100,991:300,4061:0.005
1068,HYDRA,ヒドラ,14,660,59,40,7,6,22,14,0,1,30,54,28,0,3,41,4,1000,800,432,600,962:4000,938:3000,517:1000,525:100,1011:500,971:100,4035:0.005,
1069,SWORD_FISH,ソードフィッシュ,30,3612,481,290,1,31,168,30,24,1,25,72,60,2,5,41,5,200,1968,768,384,963:3500,756:100,956:1000,1116:500,1113:200,2257:100,995:10,4089:0.005
1070,KUKRE,ククレ,11,570,38,28,1,9,28,11,4,1,6,27,22,0,5,21,3,150,1776,576,288,955:3500,928:2500,528:1000,991:500,4027:0.005,,,
1071,PIRATE_SKEL,パイレーツスケル,25,1765,212,129,1,33,178,25,5,1,10,50,38,1,1,29,5,200,1754,554,288,932:3500,1104:1000,1122:100,2211:500,603:10,2287:10,4073:0.005,
1072,KAHO,カホ,24,1056,261,160,1,28,143,24,8,1,20,68,48,1,6,83,5,200,1700,1000,500,,,,,,,,
1073,CRAB,クラブ,3,35,0,0,1,1,1,0,80,0,0,3,3,0,5,21,1,200,500,500,500,,,,,,,,
1074,SHELLFISH,シェルフィッシュ,3,20,0,0,1,1,1,0,90,0,0,3,3,0,5,21,0,2000,500,500,500,,,,,,,,
1075,TURTLE,タートル,3,55,0,0,1,1,1,0,75,0,0,3,3,0,5,22,1,1000,500,500,500,,,,,,,,
1076,SKELETON,スケルトン,10,255,18,14,1,8,39,10,2,1,4,22,15,1,1,29,17,200,2228,528,576,,,,,,,,
1077,POISON_SPORE,ポイズンスポア,19,627,169,85,1,12,89,19,6,1,6,43,38,1,3,25,5,200,1672,672,288,921:5000,972:1000,510:2000,511:3500,512:0.005,2220:1000,4048:0.005,
1078,RED_PLANT,赤い草,1,10,0,0,1,1,1,0,99,0,0,1,1,0,3,22,0,2000,1,1,1,712:3000,914:2000,507:0.05,708:500,711:1000,905:6000,906:6000,2269:100
1079,BLUE_PLANT,青い草,1,10,0,0,1,1,1,0,99,0,0,1,1,0,3,22,0,2000,1,1,1,712:2000,510:2000,514:1000,522:500,905:6000,906:6000,2270:100,
1080,GREEN_PLANT,緑色草,1,10,0,0,1,1,1,0,99,0,0,1,1,0,3,22,0,2000,1,1,1,704:1000,511:2000,711:2000,708:1000,905:6000,906:6000,521:500,2270:100,
1081,YELLOW_PLANT,黄色草,1,10,0,0,1,1,1,0,99,0,0,1,1,0,3,22,0,2000,1,1,1,712:5000,914:4000,508:2000,711:2000,520:1000,905:6000,906:6000,707:500,2269:100
1082,WHITE_PLANT,白い草,1,10,0,0,1,1,1,0,99,0,0,1,1,0,3,22,0,2000,1,1,1,712:3500,509:1000,905:1500,703:700,711:1000,521:500,970:100,2269:10,
1083,SHINING_PLANT,輝く草,1,20,0,0,1,1,1,0,99,0,0,1,1,0,3,26,0,2000,1,1,1,518:2000,508:3000,510:2000,509:1000,970:500,607:500,608:350,710:100,714:100
1084,BLACK_MUSHROOM,黒いきのこ,1,15,0,0,1,1,1,0,99,0,0,1,1,0,3,22,0,2000,1,1,1,914:4000,921:5000,949:3000,970:500,971:1000,991:1000,,,
1085,RED_MUSHROOM,赤いきのこ,1,15,0,0,1,1,1,0,99,0,0,1,1,0,3,22,0,2000,1,1,1,914:4000,921:5000,949:3000,509:1000,970:500,972:1000,991:1000,,
1086,GOLDEN_BUG,黄金蟲,50,8500,50,50,1,200,680,15,90,1,45,105,135,2,4,43,11,100,768,768,480,701:2000,969:1000,510:500,757:700,756:300,2610:1300,2101:2500,4128:0.005,
1087,ORK_HERO,オークヒーロー,60,19540,9000,2000,1,450,1800,120,48,1,24,145,120,2,7,42,53,150,1678,780,648,922:4000,968:3500,912:2500,725:4500,1124:2500,1304:2000,1366:500,985:1000,4143:0.005
1088,VOCAL,ボーカル,18,2956,100,80,1,11,71,36,12,1,6,71,46,1,4,22,21,200,1080,648,480,912:5000,940:4500,752:3500,721:1500,532:2500,2247:500,4021:0.005,,
1089,TOAD,トード,10,4870,100,50,1,6,26,10,4,1,6,20,15,1,5,21,21,200,1236,336,432,746:5000,518:3500,729:2500,970:1500,2244:500,,,,
1090,MASTERING,マスターリンク,2,2100,30,10,1,6,18,2,15,1,30,19,4,1,3,21,21,300,1072,672,480,512:5000,741:3500,531:3500,722:2500,2407:1000,2257:1000,4001:0.005,,
1091,DRAGON_FLY,ドラゴンフライ,8,2000,80,40,1,5,22,8,60,1,2,25,28,0,4,24,21,100,1076,576,480,533:5000,501:3500,742:2500,719:1500,2607:1000,2245:500,,,
1092,VAGABOND_WOLF,さすらい狼,24,10200,225,160,1,24,135,48,30,1,8,74,69,1,2,22,21,150,1048,648,432,517:5000,728:4500,2248:500,4029:0.005,,,,,
1093,ECLIPSE,エクリプス,6,1500,55,50,1,6,20,6,20,1,45,17,42,0,2,60,21,200,1456,456,336,746:5000,727:2500,515:4500,519:3500,534:2500,706:500,2250:500,,
1094,AMBERNITE,アンバーナイト,13,430,52,36,1,7,39,13,45,1,6,31,26,2,4,21,17,400,2048,648,648,946:6000,910:4000,935:4000,1002:1000,757:500,943:1500,991:1000,4032:0.005,
1095,ANDRE,アンドレ,17,674,109,71,1,11,60,34,12,1,6,43,34,0,4,22,11,300,1288,288,384,955:7000,935:1000,910:7000,938:0.05,1002:100,4043:0.005,1001:0.05,,
1096,ANGELING,エンジェリング,20,10738,148,138,1,60,108,20,30,1,75,88,70,1,8,86,21,200,1072,672,672,610:3000,504:4500,741:5000,2254:500,2282:1000,2323:500,714:1000,4054:0.005
1097,ANT_EGG,蟻の卵,4,300,5,4,0,1,1,1,60,1,30,5,5,0,0,60,0,1000,1001,1,1,909:6000,935:4000,938:3500,713:2000,1010:1000,1002:100,4013:0.005,
1098,ANUBIS,アヌビス,55,10130,2906,2700,1,124,688,55,22,1,44,150,124,1,8,26,21,200,2000,1000,500,,,,,,,,
1099,ARGIOPE,アルギオペ,41,4296,1633,829,1,100,507,41,32,1,16,97,82,2,4,25,21,300,1792,792,336,,,,,,,,
1100,ARGOS,アルゴス,25,1176,353,171,1,33,178,25,10,1,10,57,50,2,4,25,29,300,1468,468,768,1025:7000,943:1000,511:7000,508:2000,1042:2000,4075:0.005,,
1101,BAPHOMET_,バフォメットJr.,50,6354,3281,1346,1,103,570,50,50,1,30,143,125,0,6,27,21,100,868,480,120,923:1500,504:1300,608:500,607:300,984:10,1463:500,4129:0.005,
1102,BATHORY,バーズリー,44,4512,2288,940,1,84,453,44,20,1,80,128,110,1,7,27,21,100,1504,840,900,1061:5000,1000:3500,1006:1000,1610:800,2252:500,4119:0.005,,
1103,CARAMEL,キャラメル,23,1282,240,149,1,22,109,46,16,1,8,61,46,0,2,22,17,200,1604,840,756,919:5000,1027:4500,512:4800,1404:2000,1407:1000,1454:1500,2309:1000,4063:0.005
1104,COCO,コーコー,17,729,109,71,1,11,56,34,12,1,6,41,34,0,2,22,17,150,1864,864,1008,919:6000,914:4000,1026:4500,516:4000,2501:1000,4041:0.005,,
1105,DENIRO,デニーロ,19,784,135,85,1,11,68,30,12,1,6,62,38,0,4,22,11,150,1288,288,576,955:7000,935:1000,910:7000,938:0.05,1002:100,4043:0.005,1001:0.05,
1106,DESERT_WOLF,デザートウルフ,27,1560,388,242,1,39,189,27,10,1,10,83,54,1,2,23,13,200,1120,420,288,919:6000,517:4000,1010:2000,2301:2000,2305:1000,2332:500,4023:0.005,
1107,DESERT_WOLF_B,子デザートウルフ,9,160,20,16,1,6,30,9,2,1,2,30,18,0,2,23,9,300,1600,900,240,517:5000,512:1000,919:6000,920:4000,1252:1000,2311:500,4082:0.005,
1108,DEVIACE,デビアス,47,11492,1914,1208,1,160,731,47,77,1,27,109,94,1,5,81,17,400,1680,480,384,1053:3500,1054:1500,5011:10,4125:0.005,,,,
1109,DEVIRUCHI,デビルチ,46,5661,2735,1162,1,103,525,46,40,1,27,133,115,0,6,27,21,150,980,600,384,912:2500,1038:3500,1039:3600,512:0.005,1009:500,1457:500,2255:100,4122:0.005
1110,DOKEBI,ドケビ,33,2345,1008,414,1,52,268,33,15,1,22,102,83,0,6,27,17,250,1156,456,384,1021:5000,969:2000,1005:1500,1501:2000,985:500,1516:1000,1613:1000,4098:0.005
1111,DRAINLIAR,ドラインリアー,24,1056,392,160,1,10,74,24,10,1,12,102,60,0,2,47,29,250,1276,576,384,913:3500,507:1000,725:300,7006:3000,1011:500,4069:0.005,,
1112,DRAKE,ドレイク,55,28920,8600,2500,1,327,1380,55,40,1,22,190,83,1,1,29,53,400,620,420,360,504:1500,932:3500,2268:300,1122:100,1126:10,985:200,4137:0.005,,
1113,DROPS,ドラップス,3,55,4,3,1,3,10,3,0,1,0,15,6,1,3,23,3,400,1372,672,480,909:5000,938:4500,512:3000,713:3500,1601:1000,4004:0.005,,,
1114,DUSTINESS,ダスティネース,21,966,198,127,1,22,100,21,8,1,8,59,74,0,4,44,17,150,1004,504,384,928:5000,1057:4500,1058:4800,716:2000,507:3500,2291:500,1001:1000,4056:0.005,
1115,EDDGA,エドガ,47,14500,6800,1208,1,128,1190,47,45,1,30,112,94,2,2,23,53,300,872,1344,432,1030:3000,1029:4000,529:2000,716:2000,518:2000,2268:500,4052:0.005,2266:500,985:100
1116,EGGYRA,エギラ,24,792,196,200,1,22,114,24,0,1,16,56,60,1,0,48,17,200,1816,816,288,5015:100,938:7000,4070:0.005,,,,,,
1117,EVIL_DRUID,イービルドルイド,58,14107,2627,1661,1,176,948,58,22,1,70,126,87,2,1,89,21,300,2276,576,336,509:2000,2508:0.05,610:100,2216:100,1615:0.05,4141:0.005,1551:100,999:100,609:300
1118,FLORA,フローラ,26,1901,357,226,3,31,292,52,20,1,10,69,52,2,3,22,4,1000,1432,432,576,1032:5000,905:3000,711:2000,521:2000,704:1000,748:500,2253:500,4080:0.005,
1119,FRILLDORA,フリルドラ,30,1806,481,290,1,39,210,30,12,1,12,83,60,1,2,23,17,300,1540,720,432,1012:5000,903:4500,501:3000,715:2500,912:2500,721:1000,985:800,4088:0.005,
1120,GHOSTRING,ゴーストリング,18,9413,92,98,1,40,54,18,0,1,75,90,45,1,6,88,21,300,1220,1080,648,1059:5000,604:2500,603:1000,2274:500,2335:500,714:1000,4047:0.005,,
1121,GIEARTH,ガイアス,29,2047,450,274,1,31,162,58,20,1,45,73,58,0,6,22,17,200,1848,1296,432,1040:3500,1003:1500,2226:500,2286:10,1001:300,997:700,4087:0.005,,
1122,GOBLIN_1,ゴブリン長男,25,1176,282,171,1,22,118,25,10,1,10,63,88,1,7,24,21,100,1120,620,240,911:5000,501:4500,508:4800,509:2000,1704:1000,2103:1500,4060:0.005,,
1123,GOBLIN_2,ゴブリン次男,24,1056,261,160,1,12,78,24,8,1,8,90,48,1,7,23,29,150,1320,620,240,911:5000,501:4500,508:4800,998:2000,2263:500,2103:1500,4060:0.005,,
1124,GOBLIN_3,ゴブリン三男,24,1056,327,160,1,33,171,24,8,1,8,48,48,1,7,25,13,250,1624,624,240,911:5000,501:4500,508:4800,998:2000,2275:500,2103:1500,1704:1000,993:1000,4060:0.005
1125,GOBLIN_4,ゴブリン四男,23,1282,240,149,1,22,109,46,16,1,8,59,46,1,7,22,13,200,1624,624,240,911:5000,501:4500,508:4800,998:2000,5010:500,2103:1500,1510:1000,993:1000,4060:0.005
1126,GOBLIN_5,ゴブリン五男,22,1992,219,138,1,22,105,22,8,1,12,54,44,1,7,21,13,300,3074,1874,480,911:5000,501:4500,508:4800,998:2000,2297:500,2103:1500,757:1000,993:1000,4060:0.005
1127,HODE,ホード,26,1901,357,226,1,31,146,52,20,1,10,75,52,1,2,42,1,200,1480,480,720,1055:5000,938:6000,715:2000,757:1000,7021:1000,993:1500,1001:1500,1000:1200,4081:0.005
1128,HORN,ホルン,18,646,122,78,1,11,63,28,12,1,6,65,36,1,4,22,17,200,1528,528,288,947:5000,935:5500,943:3000,1011:1000,1451:1000,993:1000,4045:0.005,
1129,HORONG,ホロン,34,2394,715,436,1,52,275,34,80,1,65,93,68,0,0,83,13,400,1888,1152,828,953:5000,1752:3000,912:2500,970:1000,2279:500,4103:0.005,,
1130,JAKK,ザック,38,3285,1012,626,1,67,350,38,14,1,65,113,76,1,0,43,21,200,1180,480,648,1062:5000,912:3500,535:4500,1008:1000,2330:500,985:500,4109:0.005,
1131,JOKER,ジョーカー,57,9291,3369,2147,1,117,621,57,44,1,45,155,200,2,7,84,21,100,1364,864,432,616:500,4005:0.005,5003:800,2409:1000,984:100,4139:0.005,,
1132,KHALITZBURG,カリッツバーグ,63,14278,3980,2500,1,356,1890,64,80,1,20,126,103,2,1,29,21,400,528,1000,396,1004:100,504:500,932:3500,1126:200,2107:200,985:10,5017:100,4136:0.005
1133,KOBOLD_1,コボルト1,36,3165,898,568,1,53,265,36,38,1,14,88,126,1,7,44,13,150,1028,528,360,1034:5000,912:3500,502:3000,999:1500,990:1000,2103:1500,1707:1500,4091:0.005
1134,KOBOLD_2,コボルト2,31,2247,733,370,1,62,302,31,12,1,12,67,62,1,7,45,13,200,1528,528,360,1034:5000,912:3500,502:3000,999:1500,2103:1500,2101:1500,4091:0.005,
1135,KOBOLD_3,コボルト3,31,2247,586,370,1,30,155,31,12,1,12,129,62,1,7,43,13,300,1228,528,360,1034:5000,912:3500,502:3000,999:1500,985:500,2103:1500,1219:1500,4091:0.005
1136,KOBOLD_4,コボルト4,30,3612,481,290,1,31,168,30,12,1,18,70,60,1,7,41,13,200,2200,1000,500,,,,,,,,
1137,KOBOLD_5,コボルト5,30,2258,481,290,1,31,168,60,24,1,12,65,60,1,7,42,13,200,2000,1000,500,,,,,,,,
1138,MAGNOLIA,白蓮玉,26,3042,357,226,1,31,146,26,10,1,15,65,52,0,6,21,3,250,1560,360,360,911:3500,910:1500,909:4000,912:700,737:1000,4076:0.005,,
1139,MANTIS,マンティス,26,1901,357,226,1,31,146,52,40,1,10,71,52,1,4,22,29,200,1528,660,432,1031:5000,911:3000,501:2000,943:2000,721:1000,993:1500,1213:1000,4079:0.005
1140,MARDUK,マルデューク,40,3632,1126,684,1,67,368,40,16,1,75,118,80,2,7,23,29,300,1540,840,504,1045:3500,1006:10,2617:10,1614:100,1607:300,994:50,4112:0.005,
1141,MARINA,マリーナ,21,1932,198,127,1,22,100,21,8,1,12,57,42,0,3,41,1,400,2280,1080,864,1052:3500,512:0.05,509:1000,938:2800,717:200,995:10,991:300,4055:0.005
1142,MARINE_SPHERE,マリンスピアー,28,3198,419,258,1,31,157,28,10,1,15,61,56,0,3,21,0,800,1201,1,1,1050:3500,1051:1500,720:1000,995:10,717:200,1519:100,991:300,4084:0.005
1143,MARIONETTE,マリオネット,41,3222,980,1037,1,67,338,41,0,1,32,110,103,0,6,68,29,300,1480,480,1056,1060:2500,1019:1000,1008:500,2605:10,2294:100,2407:100,4113:0.005,
1144,MARSE,マルス,31,4494,586,370,1,41,201,31,12,1,18,83,62,0,5,41,17,300,1956,756,528,,,,,,,
1145,MARTIN,マーティン,18,990,122,78,1,11,48,36,12,1,6,33,36,0,2,42,1,300,1480,480,480,1018:5000,1017:4500,2224:1000,5009:800,1250:1000,4046:0.005,
1146,MATYR,マーター,31,2247,879,370,1,26,144,31,15,1,18,95,78,1,2,27,29,150,432,432,360,528:1500,919:3500,730:10,731:50,732:20,2618:10,4097:0.005
1147,MAYA,マヤ,65,24500,21000,2999,1,800,2770,130,52,1,50,135,130,2,4,82,53,100,864,1000,480,984:200,985:300,7020:100,730:500,1716:1000,4146:0.005,
1148,MEDUSA,メデューサ,47,4309,1436,1510,1,82,429,47,35,1,60,95,118,2,6,48,21,200,2000,1000,500,,,,,,,
1149,MINOROUS,ミノタウロス,48,5831,2005,1254,1,103,1096,48,18,1,18,118,96,2,2,23,53,200,1700,1000,500,,,,,,,
1150,MOONLIGHT,月夜花,51,9000,5000,1500,1,97,540,35,50,1,65,126,102,1,6,63,53,150,1276,576,288,1022:2000,728:0.05,504:2000,4131:0.005,714:1000,,
1151,MYST,ミスト,38,3285,1265,626,1,80,419,38,14,1,30,91,76,2,0,25,21,200,1576,576,384,1019:5000,998:2000,4108:0.005,,,,
1152,ORC_SKELETON,オークスケルトン,28,2398,315,194,1,46,235,28,5,1,10,58,42,1,1,29,5,200,2420,720,648,922:3500,506:2500,757:100,2299:500,932:10,1357:20,4085:0.005
1153,ORC_ZOMBIE,オークゾンビ,24,1584,196,120,1,33,171,24,4,1,8,48,36,1,1,29,5,400,2852,1152,840,1043:3500,938:2500,512:0.05,2299:500,1357:700,714:0.05,4071:0.005
1154,PASANA,パサナ,33,2345,672,414,1,36,182,33,12,1,12,129,66,1,7,43,29,200,1700,1000,500,,,,,,,
1155,PETIT,プティット,44,5640,1525,940,1,67,362,88,52,1,16,123,88,1,9,22,29,200,1624,620,384,912:5000,1035:3500,1036:3500,1037:3000,984:500,1510:1000,4118:0.005
1156,PETIT_,プティット_,45,4870,1598,977,1,67,370,45,38,1,18,118,158,1,9,24,29,150,1420,1080,528,912:5000,1035:3500,1036:3500,1037:3000,602:2000,509:1000,4118:0.005
1157,PHARAOH,ファラオ,70,22564,18000,10000,1,500,2200,70,45,130,75,190,197,1,8,46,53,100,2000,1000,500,,,,,,,
1158,PHEN,フェン,26,3042,357,226,1,12,108,26,10,1,15,114,52,1,5,41,17,150,2544,1344,1152,1023:3500,951:1500,963:1000,517:500,720:200,4077:0.005,
1159,PHREEONI,フリオニ,46,18000,5400,1000,1,150,667,46,30,1,45,242,92,2,2,60,53,200,1020,1020,288,1014:3500,1015:2000,985:100,1008:200,730:500,1223:700,4121:0
1160,PIERE,ピエール,18,756,122,78,1,11,64,36,12,1,6,45,36,0,4,22,11,200,1288,288,576,955:7000,935:1000,910:7000,938:0.05,1002:100,4043:0.005,1001:0.05,
1161,PLANKTON,プランクトン,10,340,23,18,1,5,26,10,4,1,6,25,20,0,3,61,1,400,2208,1008,324,1052:4000,713:3000,938:1000,910:500,512:0.05,970:100,4024:0.005,
1162,RAFFLESIA,ラフレシア,27,1950,388,242,1,15,105,54,20,1,10,103,54,0,3,22,5,200,3652,2652,1056,,,,,,,,
1163,RAYDRIC,レイドリック,52,7380,3860,1632,1,124,1302,52,75,1,30,116,130,2,7,47,29,150,824,780,420,1004:100,985:100,1151:300,1157:100,2314:50,2266:10,4133:0.005,
1164,REQUIEM,レクイエム,35,2617,1137,458,1,52,283,35,18,1,21,95,88,1,7,27,5,400,1516,816,432,603:10,512:0.05,714:10,4104:0.005,,,,
1165,SAND_MAN,サンドマン,34,2993,715,436,1,41,220,68,24,1,12,94,68,1,0,62,5,250,1672,720,288,1056:5000,1000:1500,1001:2500,1003:1500,7021:500,997:1000,985:500,4101:0.005
1166,SAVAGE,サベージ,26,1901,357,226,1,31,146,52,20,1,10,63,52,2,2,42,17,150,1960,960,384,1028:4000,605:2000,919:5000,512:1000,702:1000,2276:500,4078:0.005,
1167,SAVAGE_BABE,サベージベベ,7,175,14,12,1,5,20,14,4,1,2,19,14,0,2,22,1,400,1624,624,576,919:5000,1750:4800,517:3500,949:2000,1301:1000,4017:0.005,,
1168,SCORPION_KING,スコーピオンキング,50,6354,2187,1346,1,103,570,50,40,1,20,133,100,2,7,23,17,200,1700,1000,500,,,,,,,,
1169,SKEL_WORKER,スケルワーカー,30,2709,361,218,1,46,252,30,6,1,12,68,45,1,1,29,5,400,2420,720,384,998:1300,1003:1000,999:200,1041:2000,756:100,5009:100,985:10,4092:0.005
1170,SOHEE,ソフィー,33,4690,672,414,1,41,214,33,20,1,35,81,66,1,6,21,17,300,2112,912,576,1020:5000,1049:1500,501:2500,1216:1500,2503:1200,2220:1500,2277:500,4100:0.005
1171,SOLDIER_ANDRE,ソルジャーアンドレ,22,1245,219,138,1,22,105,44,20,1,8,62,44,0,4,42,29,200,1001,1,1,,,,,,,,
1172,SOLDIER_DENIRO,ソルジャーデニーロ,29,2047,450,274,1,31,162,58,20,1,10,83,58,0,4,42,29,200,2000,1000,500,,,,,,,,
1173,SOLDIER_PIERE,ソルジャーピエール,23,1282,240,149,1,22,109,46,20,1,8,61,46,0,4,42,29,200,1001,1,1,,,,,,,,
1174,STAINER,スタイナー,16,561,96,64,1,11,53,16,6,1,6,46,56,0,4,24,17,200,1688,1188,612,935:6000,1013:4500,943:3000,910:3500,1002:1500,1011:1500,992:1000,4039:0.005
1175,TAROU,タロウ,11,270,57,28,1,11,34,11,5,1,6,35,31,0,2,27,17,150,1744,1044,684,919:4000,949:1000,1016:2000,512:0.05,528:500,701:100,4028:0.005,
1176,VITATA,ビタタ,20,885,148,92,1,11,69,40,16,1,8,60,40,0,4,22,17,300,1768,768,384,518:1000,955:2500,911:1500,993:1000,4053:0.005,,,
1177,ZENORC,ゼノーク,31,2247,879,370,1,20,168,15,15,1,18,115,98,1,7,27,3,150,1180,480,360,1044:3500,938:1000,1006:300,756:500,503:700,716:1000,4096:0.005,
1178,ZEROM,ゼロム,23,1026,240,149,1,28,137,23,8,1,8,65,46,1,7,23,5,200,1780,1080,432,998:500,1002:1500,1011:1800,2265:100,2408:100,2339:500,4064:0.005,
1179,WHISPER,ウィスパー,34,1796,537,545,1,41,220,34,0,1,45,94,85,0,6,68,29,150,1960,960,504,1059:2000,2332:0.05,1001:200,2282:100,2274:0.05,4102:0.005,,
1180,NINE_TAIL,九尾狐,51,7281,1500,550,1,124,639,51,40,1,10,140,131,1,2,63,21,150,840,540,480,1022:3500,919:1000,604:500,603:300,,,,
1181,ZOMBIE_DRAGON,ゾンビドラゴン,1,1000,45000,15000,9,2,17,1,10,1,1,100,2,2,9,89,53,400,2700,1000,500,,,,,,,,
1182,THIEF_MUSHROOM,シーフのきのこ,1,15,0,0,1,1,1,0,99,0,0,1,1,0,3,22,0,2000,1,1,1,,,,,,,,
1183,CHONCHON_,チョンチョン2,4,75,5,4,1,3,10,4,0,1,0,16,14,0,4,24,5,200,1076,576,480,,,,,,,,
1184,FABRE_,ファブル2,1,30,1,0,1,3,4,1,0,1,0,5,3,0,4,22,5,400,1672,672,480,,,,,,,,
1185,WHISPER_,ウィスパー2,34,1796,537,545,1,41,220,34,0,1,45,94,85,0,1,28,4,150,1960,960,504,1059:5000,1001:3000,4102:0.005,,,,,
1186,WHISPER_BOSS,巨大ウィスパー,34,5040,537,545,1,41,252,34,0,1,45,94,85,0,6,48,21,250,2536,1536,672,,,,,,,,
1187,SWITCH,スイッチ,1,1,1,1,1,1,1,1,1,1,0,2,2,1,0,20,0,1,1,1,1,,,,,,,,
1188,BON_GUN,ボンゴン,32,3200,386,220,1,40,270,36,10,47,5,72,47,1,1,29,13,200,1720,500,420,1094:3500,508:1000,1097:500,7014:300,1006:100,609:1000,2337:10,
1189,ORC_ARCHER,オークアーチャー,49,6200,1572,1625,9,80,420,62,30,20,16,184,101,1,7,22,13,300,1960,620,480,1063:3500,501:2500,504:200,509:700,1754:1000,596:900,1756:1100,1755:1200
1190,ORC_LORD,オークロード,80,32000,25600,13000,1,620,2960,168,40,65,65,205,159,2,7,82,13,100,1248,500,360,968:3500,2601:500,5007:200,985:700,984:1000,714:100,4135:0.005,
1191,MIMIC,ミミック,51,5100,150,150,1,1150,350,1,30,60,65,126,172,1,0,60,13,100,972,500,288,611:3500,1065:2500,603:30,617:10,714:10,,,
1192,WRAITH,レイス,53,9999,1999,999,1,150,678,30,15,25,70,131,148,2,1,89,13,300,1816,576,240,1059:3500,602:1000,716:300,2505:10,2206:100,,,
1193,ALARM,アラーム,58,8872,3624,2240,1,120,530,55,35,10,35,143,130,1,0,60,13,300,1020,500,768,1095:3500,7005:2500,611:2000,7026:500,7027:500,984:10,2607:100,
1194,ARCLOUSE,アークロウズ,59,4500,152,872,1,70,570,1,45,5,35,134,134,1,4,42,13,100,960,500,480,,,,,,,,
1195,RIDEWORD,ライドワード,59,10580,1825,2824,1,120,380,25,15,75,55,204,126,0,0,60,13,150,864,500,192,1096:3500,7015:1000,1006:100,1553:50,1554:50,1555:50,1556:50,
1196,SKEL_PRISONER,スケルトンプリズナー,52,9356,2242,1420,1,240,760,46,14,1,15,114,72,1,1,69,13,400,1848,500,576,941:3500,1099:3000,930:4000,716:1000,7016:500,2320:100,2408:100,
1197,ZOMBIE_PRISONER,ゾンビプリズナー,53,10444,2396,1567,1,150,810,49,18,1,15,125,77,1,1,69,13,400,1768,500,192,941:3500,1099:3000,930:4000,716:1000,7016:500,2266:100,2408:100,
1198,DARK_PRIEST,ダークプリースト,59,8400,3320,2974,1,72,298,38,45,95,75,141,113,1,7,87,13,200,1500,500,1000,,,,,,,,
1199,PUNK,パンク,43,3620,1545,939,1,73,162,5,0,5,30,108,148,0,3,24,13,300,1500,500,1000,,,,,,,,
1200,ZHERLTHSH,ゾルタス,56,18300,3280,2095,1,327,1428,74,50,10,5,114,88,2,7,60,13,200,1500,500,1000,,,,,,,,
1201,RYBIO,リビオ,57,12600,3520,2143,1,185,725,42,23,39,25,181,131,1,7,60,13,200,1500,500,1000,,,,,,,,
1202,PHENDARK,フェンダーク,58,9200,3854,2320,1,223,897,50,36,58,40,143,166,1,7,60,13,200,1500,500,1000,,,,,,,,
1203,MYSTELTAINN,ミストルテイン,78,21000,5870,4690,2,450,1750,80,75,99,65,237,217,2,0,87,45,250,1152,500,240,,,,,,,,
1204,TIRFING,ティルフィング,71,17500,4920,3850,1,250,1420,60,60,77,80,198,168,1,0,67,13,100,816,500,240,,,,,,,,
1205,EXECUTIONER,エクスキュージョナー,65,14000,4300,3215,2,150,1140,40,40,55,45,170,150,2,0,47,45,200,768,500,384,999:800,7024:10,7017:1000,1107:1000,1110:500,1122:100,1113:100,984:10
1206,ANOLIAN,アノリアン,63,15800,3980,2890,1,150,790,58,35,35,25,160,106,1,5,41,13,200,900,500,864,7003:3500,938:2500,717:1000,528:1500,504:1800,1754:800,2607:50,
1207,STING,スティング,61,9500,3710,2700,1,182,820,65,5,5,15,176,106,1,0,62,13,400,528,500,240,7004:3500,1756:1000,1003:800,997:100,2604:10,,,
1208,WANDER_MAN,うろつく者,75,9000,5260,4300,2,283,1550,38,15,55,35,202,267,1,6,24,45,100,672,500,192,7005:3500,616:1500,610:2500,608:1000,984:500,1164:500,2270:800,,
1209,CRAMP,クランプ,56,5200,2491,1726,1,121,480,35,10,25,15,121,141,0,2,45,13,100,1500,500,1000,514:2500,510:1000,7007:3600,512:0.05,528:1500,746:500,972:500,4028:0.005,726:100
1210,FILAMENTOUS,フィラメントス,51,4870,1926,1353,1,100,425,55,60,5,20,134,86,1,4,23,13,200,1500,500,1000,,,,,,,,,
1211,BRILIGHT,ブリライト,46,4120,1660,1210,1,85,278,20,65,10,20,96,136,0,4,23,13,200,1500,500,1000,602:1500,7009:2500,912:3500,509:1000,610:100,757:300,992:800,4039:0.005,
1212,IRON_FIST,アイアンフィスト,47,3015,1435,1520,1,160,375,20,80,10,5,128,72,1,4,60,13,200,1500,500,1000,,,,,,,,,
1213,HIGH_ORC,ハイオーク,52,4300,2128,1490,1,178,468,82,45,35,25,134,98,2,7,43,13,150,1500,500,1000,998:2000,999:1500,1063:3500,7002:3500,931:2500,502:2000,912:2500,756:1000,
1214,CHOCO,チョコ,43,3720,750,1150,1,87,235,55,20,45,10,108,111,0,2,23,13,200,1500,500,1000,942:5000,7011:3500,513:2500,532:2000,508:3500,607:1000,2311:500,4051:0.005,
1215,STEM_WORM,ステムワーム,40,4720,1320,854,2,75,230,25,35,30,10,119,70,1,3,24,13,200,1500,500,1000,906:5000,7012:3500,509:4500,912:2500,608:1000,997:1000,1454:1500,,
1216,PENOMENA,ペノメナ,57,9266,2870,2200,7,108,360,45,5,15,5,193,62,1,5,25,13,400,832,500,600,938:3500,7013:1500,962:2000,716:300,912:1000,719:100,4035:0.005,,
1217,PORING,ポリン,1,50,2,1,1,3,7,1,0,1,0,7,2,1,3,21,3,400,1872,672,480,909:8000,507:2000,1201:2000,713:2000,938:0.05,4001:500,512:500,4001:0.005,,,,,,,,
1218,PORING,ポリン,1,50,2,1,1,3,7,1,0,1,0,7,2,1,3,21,3,400,1872,672,480,909:8000,507:2000,1201:2000,713:2000,938:0.05,4001:500,512:500,4001:0.005,,,,,,,,
1219,KNIGHT_OF_ABYSS,深淵の騎士,80,27800,7699,5698,1,468,2450,70,85,1,65,206,168,2,7,87,45,300,1500,500,1000,1064:3500,7023:2500,1410:2500,2316:1500,2318:500,985:500,714:1000,4140:0.005,
1220,M_DESERT_WOLF,Mデザートウルフ,27,1560,388,242,1,39,189,27,10,1,10,83,54,1,2,23,13,200,1120,420,288,,,,,,,,,
1221,M_SAVAGE,Mサベージ,26,1901,357,226,1,31,146,52,20,1,10,63,52,2,2,42,13,150,1960,960,384,,,,,,,,,
1222,L_HIGH_ORC,Lハイオーク,52,4300,2128,1490,1,178,468,82,45,35,25,134,98,2,7,43,13,200,1500,500,1000,,,,,,,,,
1223,L_ORC,Lオーク,24,1320,261,160,1,22,114,48,16,1,8,58,48,1,7,22,13,200,1864,864,288,,,,,,,,,
1224,L_POISON_SPORE,Lポイズンスポア,19,627,169,85,1,12,89,19,6,1,6,43,38,1,3,25,13,200,1672,672,288,,,,,,,,,
1225,L_CHOCO,Lチョコ,43,3720,750,1150,1,87,235,55,20,45,10,108,111,0,2,23,13,200,1500,500,1000,,,,,,,,,
1226,L_KOBOLD,Lコボルド,36,3165,898,568,1,53,265,36,38,1,14,88,126,1,7,44,13,200,1028,528,360
1227,L_GOBLIN,Lゴブリン,25,1176,282,171,1,22,118,25,10,1,10,63,88,1,7,24,13,100,1120,620,240
1228,L_PHEN,Lフェン,26,3042,357,226,1,12,108,26,10,1,15,114,52,1,5,41,13,150,2544,1344,1152
1229,META_FABRE,メタファブル,2,63,3,2,1,3,8,4,0,1,0,9,4,0,4,22,13,400,1672,672,480
1230,META_PUPA,メタプパ,2,450,2,4,0,1,1,1,15,1,0,3,3,0,4,22,13,1000,1001,1,1
1231,META_CREAMY,メタクリーミー,16,561,96,64,1,11,53,16,6,1,30,32,56,0,4,24,13,200,1220,720,288
1232,META_PECOPECO_EGG,メタぺこぺこの卵,3,300,4,4,0,1,1,1,60,1,0,4,4,0,0,60,13,1000,1001,1,1
1233,CONCEIVE_PECOPECO,コンシーブペコペコ,13,510,85,36,1,11,35,13,4,1,4,40,26,2,2,23,13,200,1564,864,576
1234,PROVOKE_YOYO,プロボックヨーヨー,19,784,135,85,1,11,71,30,12,1,6,51,43,0,2,22,15,200,1054,54,384
1235,SMOKING_ORC,スモーキングオーク,24,1320,261,160,1,22,114,48,16,1,8,58,48,1,7,22,13,200,1864,864,288
1236,META_ANT_EGG,メタ蟻の卵,4,300,5,4,0,1,1,1,60,1,30,5,5,0,0,60,13,1000,1001,1,1
1237,META_ANDRE,メタアンドレ,17,674,109,71,1,11,60,34,12,1,6,43,34,0,4,22,15,300,1288,288,576
1238,META_PIERE,メタピエール,18,756,122,78,1,11,64,36,12,1,6,45,36,0,4,22,15,200,1288,288,576
1239,META_DENIRO,メタデニーロ,19,784,135,85,1,11,68,30,12,1,6,62,38,0,4,22,15,150,1288,288,576
1240,META_PICKY,メタピッキ,3,80,4,3,1,3,9,3,0,1,0,13,6,0,2,23,13,200,988,288,168
1241,META_PICKY_,メタすごいピッキ,4,75,5,4,1,3,8,3,30,1,0,15,7,0,2,23,13,200,988,288,168
1242,MARIN,マーリン,15,720,66,44,1,4,39,10,3,1,30,50,25,1,3,41,1,400,1872,672,480,938:6000,910:4500,529:3500,510:1500,720:800,991:1000,4001:0.005,,
1243,SASQUATCH,サスカッチ,30,2750,481,290,1,30,280,70,20,1,5,56,55,2,2,60,21,300,1260,192,192,948:5000,949:3000,509:4000,504:2500,912:2500,727:1000,2289:800,4074:0.005,
1244,JAKK_XMAS,クリスマスジャック,38,3285,1012,626,1,67,350,38,14,1,65,113,76,1,0,43,21,200,1180,480,648,,,,,,,,,
1245,GOBLINE_XMAS,クリスマスゴブリン,25,1176,282,171,1,22,118,25,10,1,10,63,88,1,7,24,21,100,1120,620,240,911:5000,501:4500,508:4800,998:2000,2297:500,2103:1500,757:1000,2236:500,4060:0.005
1246,COOKIE_XMAS,クッキー,28,1900,419,258,1,30,210,30,10,1,30,73,52,0,7,46,1,400,1248,1248,240,,,,,,,,,
1247,ANTONIO,アントニオ,10,10,3,2,1,7,13,1,0,1,0,110,11,1,3,66,1,100,720,720,432,529:4000,530:3500,538:2000,7034:1000,644:1000,539:1500,2236:500,4005;0.005,
1248,CRUISER,クルーザー,35,2350,1100,450,7,65,295,20,25,1,15,120,65,1,0,60,21,400,1296,1296,432,,,,,,,,,
1249,MYSTCASE,ミストケース,38,3000,1012,626,1,200,180,25,20,1,65,103,88,1,0,60,1,400,1248,1248,432,,,,,,,,,
1250,CHEPET,チェペット,42,4500,1380,860,1,60,360,60,10,1,30,117,124,1,7,23,21,400,672,672,288,,,,,,,,,
1251,KNIGHT_OF_WINDSTORM,ストームナイト,82,32000,9500,6400,2,372,1950,85,45,100,75,227,292,2,0,84,53,400,468,468,288,,,,,,,,,
1252,GARM,ガルム,73,24760,5000,4000,2,216,1250,65,73,65,50,188,248,2,2,81,21,400,608,408,336,,,,,,,,,
1085,RED_MUSHROOM,赤いきのこ,1,15,0,0,1,1,1,0,99,0,0,1,1,0,3,22,0,2000,1,1,1,1070:7000,1070:7000,1070:7000,,,,,,
