45,WARPNPC,WARPNPC,0,0,0,0,0,0,0,0,0,0,0,0,0,0,0,20,1,200,0,0,0,,,,,,,,,,,,,,0,512,0
46,1_ETC_01,1_ETC_01,0,0,0,0,0,0,0,0,0,0,0,0,0,0,0,0,1,200,0,0,0,,,,,,,,,,,,,,0,512,0
47,1_M_01,1_M_01,0,0,0,0,0,0,0,0,0,0,0,0,0,0,0,0,1,300,0,0,0,,,,,,,,,,,,,,0,512,0
48,1_M_02,1_M_02,0,0,0,0,0,0,0,0,0,0,0,0,0,0,0,0,1,200,0,0,0,,,,,,,,,,,,,,0,512,0
49,1_M_03,1_M_03,0,0,0,0,0,0,0,0,0,0,0,0,0,0,0,0,1,200,0,0,0,,,,,,,,,,,,,,0,512,0
50,1_M_04,1_M_04,0,0,0,0,0,0,0,0,0,0,0,0,0,0,0,0,1,200,0,0,0,,,,,,,,,,,,,,0,512,0
51,1_M_BARD,1_M_BARD,0,0,0,0,0,0,0,0,0,0,0,0,0,0,0,0,1,300,0,0,0,,,,,,,,,,,,,,0,512,0
52,1_M_HOF,1_M_HOF,0,0,0,0,0,0,0,0,0,0,0,0,0,0,0,0,1,200,0,0,0,,,,,,,,,,,,,,0,512,0
53,1_M_INNKEEPER,1_M_INNKEEPER,0,0,0,0,0,0,0,0,0,0,0,0,0,0,0,0,1,300,0,0,0,,,,,,,,,,,,,,0,512,0
54,1_M_JOBGUIDER,1_M_JOBGUIDER,0,0,0,0,0,0,0,0,0,0,0,0,0,0,0,0,1,200,0,0,0,,,,,,,,,,,,,,0,512,0
55,1_M_JOBTESTER,1_M_JOBTESTER,0,0,0,0,0,0,0,0,0,0,0,0,0,0,0,0,1,200,0,0,0,,,,,,,,,,,,,,0,512,0
56,1_M_KNIGHTMASTER,1_M_KNIGHTMASTER,0,0,0,0,0,0,0,0,0,0,0,0,0,0,0,0,1,300,0,0,0,,,,,,,,,,,,,,0,512,0
57,1_M_LIBRARYMASTER,1_M_LIBRARYMASTER,0,0,0,0,0,0,0,0,0,0,0,0,0,0,0,0,1,200,0,0,0,,,,,,,,,,,,,,0,512,0
58,1_M_MERCHANT,1_M_MERCHANT,0,0,0,0,0,0,0,0,0,0,0,0,0,0,0,0,1,300,0,0,0,,,,,,,,,,,,,,0,512,0
59,1_M_ORIENT01,1_M_ORIENT01,0,0,0,0,0,0,0,0,0,0,0,0,0,0,0,0,1,300,0,0,0,,,,,,,,,,,,,,0,512,0
60,1_M_PASTOR,1_M_PASTOR,0,0,0,0,0,0,0,0,0,0,0,0,0,0,0,0,1,200,0,0,0,,,,,,,,,,,,,,0,512,0
61,1_M_PUBMASTER,1_M_PUBMASTER,0,0,0,0,0,0,0,0,0,0,0,0,0,0,0,0,1,200,0,0,0,,,,,,,,,,,,,,0,512,0
62,1_M_SIZ,1_M_SIZ,0,0,0,0,0,0,0,0,0,0,0,0,0,0,0,0,1,200,0,0,0,,,,,,,,,,,,,,0,512,0
63,1_M_SMITH,1_M_SMITH,0,0,0,0,0,0,0,0,0,0,0,0,0,0,0,0,1,200,0,0,0,,,,,,,,,,,,,,0,512,0
64,1_M_WIZARD,1_M_WIZARD,0,0,0,0,0,0,0,0,0,0,0,0,0,0,0,0,1,300,0,0,0,,,,,,,,,,,,,,0,512,0
65,1_M_YOUNGKNIGHT,1_M_YOUNGKNIGHT,0,0,0,0,0,0,0,0,0,0,0,0,0,0,0,0,1,200,0,0,0,,,,,,,,,,,,,,0,512,0
66,1_F_01,1_F_01,0,0,0,0,0,0,0,0,0,0,0,0,0,0,0,0,1,300,0,0,0,,,,,,,,,,,,,,0,512,0
67,1_F_02,1_F_02,0,0,0,0,0,0,0,0,0,0,0,0,0,0,0,0,1,200,0,0,0,,,,,,,,,,,,,,0,512,0
68,1_F_03,1_F_03,0,0,0,0,0,0,0,0,0,0,0,0,0,0,0,0,1,200,0,0,0,,,,,,,,,,,,,,0,512,0
69,1_F_04,1_F_04,0,0,0,0,0,0,0,0,0,0,0,0,0,0,0,0,1,200,0,0,0,,,,,,,,,,,,,,0,512,0
70,1_F_GYPSY,1_F_GYPSY,0,0,0,0,0,0,0,0,0,0,0,0,0,0,0,0,1,200,0,0,0,,,,,,,,,,,,,,0,512,0
71,1_F_LIBRARYGIRL,1_F_LIBRARYGIRL,0,0,0,0,0,0,0,0,0,0,0,0,0,0,0,0,1,300,0,0,0,,,,,,,,,,,,,,0,512,0
72,1_F_MARIA,1_F_MARIA,0,0,0,0,0,0,0,0,0,0,0,0,0,0,0,0,1,200,0,0,0,,,,,,,,,,,,,,0,512,0
73,1_F_MERCHANT_01,1_F_MERCHANT_01,0,0,0,0,0,0,0,0,0,0,0,0,0,0,0,0,1,200,0,0,0,,,,,,,,,,,,,,0,512,0
74,1_F_MERCHANT_02,1_F_MERCHANT_02,0,0,0,0,0,0,0,0,0,0,0,0,0,0,0,0,1,200,0,0,0,,,,,,,,,,,,,,0,512,0
75,1_F_ORIENT_01,1_F_ORIENT_01,0,0,0,0,0,0,0,0,0,0,0,0,0,0,0,0,1,300,0,0,0,,,,,,,,,,,,,,0,512,0
76,1_F_ORIENT_02,1_F_ORIENT_02,0,0,0,0,0,0,0,0,0,0,0,0,0,0,0,0,1,300,0,0,0,,,,,,,,,,,,,,0,512,0
77,1_F_ORIENT_03,1_F_ORIENT_03,0,0,0,0,0,0,0,0,0,0,0,0,0,0,0,0,1,300,0,0,0,,,,,,,,,,,,,,0,512,0
78,1_F_ORIENT_04,1_F_ORIENT_04,0,0,0,0,0,0,0,0,0,0,0,0,0,0,0,0,1,300,0,0,0,,,,,,,,,,,,,,0,512,0
79,1_F_PRIEST,1_F_PRIEST,0,0,0,0,0,0,0,0,0,0,0,0,0,0,0,0,1,300,0,0,0,,,,,,,,,,,,,,0,512,0
80,1_F_PUBGIRL,1_F_PUBGIRL,0,0,0,0,0,0,0,0,0,0,0,0,0,0,0,0,1,300,0,0,0,,,,,,,,,,,,,,0,512,0
81,4_DOG01,4_DOG01,0,0,0,0,0,0,0,0,0,0,0,0,0,0,0,0,1,300,0,0,0,,,,,,,,,,,,,,0,512,0
82,4_KID01,4_KID01,0,0,0,0,0,0,0,0,0,0,0,0,0,0,0,0,1,300,0,0,0,,,,,,,,,,,,,,0,512,0
83,4_M_01,4_M_01,0,0,0,0,0,0,0,0,0,0,0,0,0,0,0,0,1,300,0,0,0,,,,,,,,,,,,,,0,512,0
84,4_M_02,4_M_02,0,0,0,0,0,0,0,0,0,0,0,0,0,0,0,0,1,300,0,0,0,,,,,,,,,,,,,,0,512,0
85,4_M_03,4_M_03,0,0,0,0,0,0,0,0,0,0,0,0,0,0,0,0,1,300,0,0,0,,,,,,,,,,,,,,0,512,0
86,4_M_04,4_M_04,0,0,0,0,0,0,0,0,0,0,0,0,0,0,0,0,1,300,0,0,0,,,,,,,,,,,,,,0,512,0
87,4_M_BARBER,4_M_BARBER,0,0,0,0,0,0,0,0,0,0,0,0,0,0,0,0,1,300,0,0,0,,,,,,,,,,,,,,0,512,0
88,4_M_ORIENT01,4_M_ORIENT01,0,0,0,0,0,0,0,0,0,0,0,0,0,0,0,0,1,300,0,0,0,,,,,,,,,,,,,,0,512,0
89,4_M_ORIENT02,4_M_ORIENT02,0,0,0,0,0,0,0,0,0,0,0,0,0,0,0,0,1,300,0,0,0,,,,,,,,,,,,,,0,512,0
90,4_F_01,4_F_01,0,0,0,0,0,0,0,0,0,0,0,0,0,0,0,0,1,300,0,0,0,,,,,,,,,,,,,,0,512,0
91,4_F_02,4_F_02,0,0,0,0,0,0,0,0,0,0,0,0,0,0,0,0,1,300,0,0,0,,,,,,,,,,,,,,0,512,0
92,4_F_03,4_F_03,0,0,0,0,0,0,0,0,0,0,0,0,0,0,0,0,1,300,0,0,0,,,,,,,,,,,,,,0,512,0
93,4_F_04,4_F_04,0,0,0,0,0,0,0,0,0,0,0,0,0,0,0,0,1,300,0,0,0,,,,,,,,,,,,,,0,512,0
94,4_F_MAID,4_F_MAID,0,0,0,0,0,0,0,0,0,0,0,0,0,0,0,0,1,300,0,0,0,,,,,,,,,,,,,,0,512,0
95,4_F_SISTER,4_F_SISTER,0,0,0,0,0,0,0,0,0,0,0,0,0,0,0,0,1,300,0,0,0,,,,,,,,,,,,,,0,512,0
96,4W_KID,4W_KID,0,0,0,0,0,0,0,0,0,0,0,0,0,0,0,0,1,300,0,0,0,,,,,,,,,,,,,,0,512,0
97,4W_M_01,4W_M_01,0,0,0,0,0,0,0,0,0,0,0,0,0,0,0,0,1,300,0,0,0,,,,,,,,,,,,,,0,512,0
98,4W_M_02,4W_M_02,0,0,0,0,0,0,0,0,0,0,0,0,0,0,0,0,1,300,0,0,0,,,,,,,,,,,,,,0,512,0
99,4W_M_03,4W_M_03,0,0,0,0,0,0,0,0,0,0,0,0,0,0,0,0,1,300,0,0,0,,,,,,,,,,,,,,0,512,0
100,4W_SAILOR,4W_SAILOR,0,0,0,0,0,0,0,0,0,0,0,0,0,0,0,0,1,300,0,0,0,,,,,,,,,,,,,,0,512,0
101,4W_F_01,4W_F_01,0,0,0,0,0,0,0,0,0,0,0,0,0,0,0,0,1,300,0,0,0,,,,,,,,,,,,,,0,512,0
102,8_F,8_F,0,0,0,0,0,0,0,0,0,0,0,0,0,0,0,0,1,300,0,0,0,,,,,,,,,,,,,,0,512,0
103,8_F_GRANDMOTHER,8_F_GRANDMOTHER,0,0,0,0,0,0,0,0,0,0,0,0,0,0,0,0,1,300,0,0,0,,,,,,,,,,,,,,0,512,0
104,EFFECT_NPC,EFFECT_NPC,0,0,0,0,0,0,0,0,0,0,0,0,0,0,0,20,1,200,0,0,0,,,,,,,,,,,,,,0,512,0
105,8W_SOLDIER,8W_SOLDIER,0,0,0,0,0,0,0,0,0,0,0,0,0,0,0,0,1,300,0,0,0,,,,,,,,,,,,,,0,512,0
106,1_M_MOC_LORD,1_M_MOC_LORD,0,0,0,0,0,0,0,0,0,0,0,0,0,0,0,0,1,0,0,0,0,,,,,,,,,,,,,,0,512,0
107,1_M_PAY_ELDER,1_M_PAY_ELDER,0,0,0,0,0,0,0,0,0,0,0,0,0,0,0,0,1,0,0,0,0,,,,,,,,,,,,,,0,512,0
108,1_M_PRON_KING,1_M_PRON_KING,0,0,0,0,0,0,0,0,0,0,0,0,0,0,0,0,1,0,0,0,0,,,,,,,,,,,,,,0,512,0
109,4_M_MANAGER,4_M_MANAGER,0,0,0,0,0,0,0,0,0,0,0,0,0,0,0,0,1,0,0,0,0,,,,,,,,,,,,,,0,512,0
110,4_M_MINISTER,4_M_MINISTER,0,0,0,0,0,0,0,0,0,0,0,0,0,0,0,0,1,0,0,0,0,,,,,,,,,,,,,,0,512,0
111,HIDDEN_NPC,HIDDEN_NPC,0,0,0,0,0,0,0,0,0,0,0,0,0,0,0,20,1,0,0,0,0,,,,,,,,,,,,,,0,512,0
112,4_F_KAFRA6,4_F_KAFRA6,0,0,0,0,0,0,0,0,0,0,0,0,0,0,0,0,1,300,0,0,0,,,,,,,,,,,,,,0,512,0
113,4_F_KAFRA5,4_F_KAFRA5,0,0,0,0,0,0,0,0,0,0,0,0,0,0,0,0,1,300,0,0,0,,,,,,,,,,,,,,0,512,0
114,4_F_KAFRA4,4_F_KAFRA4,0,0,0,0,0,0,0,0,0,0,0,0,0,0,0,0,1,300,0,0,0,,,,,,,,,,,,,,0,512,0
115,4_F_KAFRA3,4_F_KAFRA3,0,0,0,0,0,0,0,0,0,0,0,0,0,0,0,0,1,300,0,0,0,,,,,,,,,,,,,,0,512,0
116,4_F_KAFRA2,4_F_KAFRA2,0,0,0,0,0,0,0,0,0,0,0,0,0,0,0,0,1,300,0,0,0,,,,,,,,,,,,,,0,512,0
117,4_F_KAFRA1,4_F_KAFRA1,0,0,0,0,0,0,0,0,0,0,0,0,0,0,0,0,1,300,0,0,0,,,,,,,,,,,,,,0,512,0
118,2_M_THIEFMASTER,2_M_THIEFMASTER,0,0,0,0,0,0,0,0,0,0,0,0,0,0,0,0,1,300,0,0,0,,,,,,,,,,,,,,0,512,0
119,2_M_SWORDMASTER,2_M_SWORDMASTER,0,0,0,0,0,0,0,0,0,0,0,0,0,0,0,0,1,300,0,0,0,,,,,,,,,,,,,,0,512,0
120,2_M_PHARMACIST,2_M_PHARMACIST,0,0,0,0,0,0,0,0,0,0,0,0,0,0,0,0,1,300,0,0,0,,,,,,,,,,,,,,0,512,0
121,2_M_MOLGENSTEIN,2_M_MOLGENSTEIN,0,0,0,0,0,0,0,0,0,0,0,0,0,0,0,0,1,300,0,0,0,,,,,,,,,,,,,,0,512,0
122,2_M_DYEINGER,2_M_DYEINGER,0,0,0,0,0,0,0,0,0,0,0,0,0,0,0,0,1,300,0,0,0,,,,,,,,,,,,,,0,512,0
123,2_F_MAGICMASTER,2_F_MAGICMASTER,0,0,0,0,0,0,0,0,0,0,0,0,0,0,0,0,1,300,0,0,0,,,,,,,,,,,,,,0,512,0
124,4_F_TELEPORTER,4_F_TELEPORTER,0,0,0,0,0,0,0,0,0,0,0,0,0,0,0,0,1,200,0,0,0,,,,,,,,,,,,,,0,512,0
125,4_M_TELEPORTER,4_M_TELEPORTER,0,0,0,0,0,0,0,0,0,0,0,0,0,0,0,0,1,200,0,0,0,,,,,,,,,,,,,,0,512,0
139,HIDDEN_WARP_NPC,HIDDEN_WARP_NPC,0,0,0,0,0,0,0,0,0,0,0,0,0,0,0,0,1,0,0,0,0,,,,,,,,,,,,,,0,512,0
700,8_F_GIRL,8_F_GIRL,0,0,0,0,0,0,0,0,0,0,0,0,0,0,0,0,1,300,0,0,0,,,,,,,,,,,,,,0,512,0
701,4_F_GODEMOM,4_F_GODEMOM,0,0,0,0,0,0,0,0,0,0,0,0,0,0,0,0,1,200,0,0,0,,,,,,,,,,,,,,0,512,0
702,4_F_GON,4_F_GON,0,0,0,0,0,0,0,0,0,0,0,0,0,0,0,0,1,200,0,0,0,,,,,,,,,,,,,,0,512,0
703,4_F_KID2,4_F_KID2,0,0,0,0,0,0,0,0,0,0,0,0,0,0,0,0,1,200,0,0,0,,,,,,,,,,,,,,0,512,0
704,4_M_BIBI,4_M_BIBI,0,0,0,0,0,0,0,0,0,0,0,0,0,0,0,0,1,200,0,0,0,,,,,,,,,,,,,,0,512,0
705,4_M_GEF_SOLDIER,4_M_GEF_SOLDIER,0,0,0,0,0,0,0,0,0,0,0,0,0,0,0,0,1,200,0,0,0,,,,,,,,,,,,,,0,512,0
706,4_M_KID1,4_M_KID1,0,0,0,0,0,0,0,0,0,0,0,0,0,0,0,0,1,200,0,0,0,,,,,,,,,,,,,,0,512,0
707,4_M_MOC_SOLDIER,4_M_MOC_SOLDIER,0,0,0,0,0,0,0,0,0,0,0,0,0,0,0,0,1,200,0,0,0,,,,,,,,,,,,,,0,512,0
708,4_M_PAY_SOLDIER,4_M_PAY_SOLDIER,0,0,0,0,0,0,0,0,0,0,0,0,0,0,0,0,1,200,0,0,0,,,,,,,,,,,,,,0,512,0
709,4_M_SEAMAN,4_M_SEAMAN,0,0,0,0,0,0,0,0,0,0,0,0,0,0,0,0,1,200,0,0,0,,,,,,,,,,,,,,0,512,0
710,4_M_SNOWMAN,4_M_SNOWMAN,0,0,0,0,0,0,0,0,0,0,0,0,0,0,0,0,1,300,0,0,0,,,,,,,,,,,,,,0,512,0
711,4_F_05,4_F_05,0,0,0,0,0,0,0,0,0,0,0,0,0,0,0,0,1,300,0,0,0,,,,,,,,,,,,,,0,512,0
712,4_M_05,4_M_05,0,0,0,0,0,0,0,0,0,0,0,0,0,0,0,0,1,300,0,0,0,,,,,,,,,,,,,,0,512,0
713,4_M_06,4_M_06,0,0,0,0,0,0,0,0,0,0,0,0,0,0,0,0,1,300,0,0,0,,,,,,,,,,,,,,0,512,0
714,4_F_06,4_F_06,0,0,0,0,0,0,0,0,0,0,0,0,0,0,0,0,1,300,0,0,0,,,,,,,,,,,,,,0,512,0
715,4_M_PIERROT,4_M_PIERROT,0,0,0,0,0,0,0,0,0,0,0,0,0,0,0,0,1,300,0,0,0,,,,,,,,,,,,,,0,512,0
716,4_M_KID2,4_M_KID2,0,0,0,0,0,0,0,0,0,0,0,0,0,0,0,0,1,300,0,0,0,,,,,,,,,,,,,,0,512,0
717,4_F_KID3,4_F_KID3,0,0,0,0,0,0,0,0,0,0,0,0,0,0,0,0,1,300,0,0,0,,,,,,,,,,,,,,0,512,0
718,4_M_SANTA,4_M_SANTA,0,0,0,0,0,0,0,0,0,0,0,0,0,0,0,0,1,300,0,0,0,,,,,,,,,,,,,,0,512,0
719,4_F_NACORURI,4_F_NACORURI,0,0,0,0,1,0,0,0,0,0,0,0,0,0,0,0,1,300,0,0,0,,,,,,,,,,,,,,0,512,0
720,4_F_SHAMAN,4_F_SHAMAN,0,0,0,0,1,0,0,0,0,0,0,0,0,0,0,0,1,300,0,0,0,,,,,,,,,,,,,,0,512,0
1001,Scorpion,スコーピオン,24,1056,261,160,1,28,143,24,35,1,8,76,48,0,4,23,17,200,1564,864,576,904:7857,943:412,511:1178,508:392,757:20,990:137,4068:2,,,,,,,,,
1002,Poring,ポリン,1,50,2,1,1,3,7,1,0,1,0,7,2,1,3,21,3,400,1872,672,480,909:6681,507:477,1201:66,713:1431,938:381,4001:1,512:955,,,,,,,,,
1003,Poring,ポリン,1,50,2,1,1,3,7,1,0,1,0,7,2,1,3,21,3,400,1872,672,480,909:6681,507:477,1201:66,713:1431,938:381,4001:1,512:955,,,,,,,,,
1004,Hornet,ホーネット,8,175,17,14,1,5,22,8,2,1,2,25,28,0,4,24,9,150,1292,792,216,909:4336,939:4956,518:123,1207:86,992:61,4019:1,511:433,,,,,,,,,
1005,Farmiliar,ファミリア,8,150,26,14,1,6,23,8,3,1,3,36,20,0,2,27,5,150,1276,576,384,913:8525,507:1085,514:155,601:77,2208:46,1104:108,4020:1,,,,,,,,,
1006,Poring,ポリン,1,50,2,1,1,3,7,1,0,1,0,7,2,1,3,21,3,400,1872,672,480,909:6681,507:477,1201:66,713:1431,938:381,4001:1,512:955,,,,,,,,,
1007,Fabre,ファブル,2,63,3,2,1,3,8,4,0,1,0,9,4,0,4,22,1,400,1672,672,480,914:7331,949:563,705:1127,721:5,511:789,1502:67,4002:1,1501:112,,,,,,,,
1008,Pupa,プパ,2,450,2,4,0,1,1,1,15,1,0,3,3,0,0,22,0,1000,1001,1,1,935:1538,915:6152,938:922,1010:123,1002:307,2101:30,4003:1,,,,,,,,,
1009,Condor,コンドル,5,90,6,5,1,3,11,5,2,1,2,18,18,1,2,24,9,150,1148,648,480,917:4980,916:1532,1750:3064,517:306,715:61,1701:53,4015:1,,,,,,,,,
1010,Wilow,ウィロー,4,100,5,4,1,3,9,8,0,1,30,13,8,1,3,22,1,200,1672,672,432,516:100,902:1500,507:618,1019:4000,1067:4500,1066:4600,1068:4300,905:5100,,,,,,,,
1011,ChonChon,チョンチョン,4,75,5,4,1,3,10,4,0,1,0,16,14,0,4,24,1,200,1076,576,480,909:1790,935:7760,601:119,742:6,998:59,1002:179,4009:1,1204:83,
1012,Roda_Frog,ロッダフロッグ,5,130,6,5,1,3,11,5,2,1,3,15,10,1,5,21,1,200,2016,816,288,713:2407,908:601,918:6620,511:361,721:8,4014:1,,,
1013,Wolf,ウルフ,12,375,45,32,1,9,37,24,8,1,4,42,24,1,2,22,9,200,1054,54,432,920:4097,919:4097,528:1075,2307:40,4029:1,1011:20,,,
1014,Spore,スポア,9,320,20,16,1,5,24,9,2,1,3,23,18,1,3,21,1,200,1872,672,288,921:8480,507:1356,510:84,743:8,2220:67,4019:1,,,
1015,Zombie,ゾンビ,15,518,50,33,1,12,67,7,3,1,6,30,23,1,1,29,5,400,2612,912,288,957:7911,958:98,725:9,938:1977,4038:2,,,,
1016,Archer_Skeleton,アーチャースケルトン,31,2867,440,278,9,24,149,31,6,1,12,156,39,1,1,29,5,300,2864,864,576,757:30,501:1251,1710:39,1704:93,2285:3,4094:1,,,
1017,Poring,ポリン,1,50,2,1,1,3,7,1,0,1,0,7,2,1,3,21,3,400,1872,672,480,909:6681,507:477,1201:66,713:1431,938:381,4001:1,512:955,,,,,,,,,
1018,Creamy,クリーミー,16,561,96,64,1,11,53,16,6,1,30,32,56,0,4,24,1,150,1136,720,840,712:1038,602:207,924:8310,518:311,2207:1038,2321:124,4040:2,,
1019,PecoPeco,ペコペコ,13,510,85,36,1,11,35,13,4,1,4,40,26,2,2,23,9,200,1564,864,576,925:7872,508:98,507:1771,1604:196,2401:59,4031:1,,,
1020,Mandragora,マンドラゴラ,12,375,45,32,4,9,26,24,8,1,4,48,24,1,3,62,4,1000,1768,768,576,905:8382,511:733,711:628,706:2,993:104,992:104,1404:146,4030:2,
1021,Poring,ポリン,1,50,2,1,1,3,7,1,0,1,0,7,2,1,3,21,3,400,1872,672,480,909:6681,507:477,1201:66,713:1431,938:381,4001:1,512:955,,,,,,,,,
1022,Poring,ポリン,1,50,2,1,1,3,7,1,0,1,0,7,2,1,3,21,3,400,1872,672,480,909:6681,507:477,1201:66,713:1431,938:381,4001:1,512:955,,,,,,,,,
1023,Ork_Warrior,オークウォリアー,24,1320,261,160,1,22,114,48,16,1,8,58,48,1,7,22,5,200,1864,864,288,931:9218,998:483,1351:92,757:23,1304:11,2267:6,4066:2,,
1024,Worm_Tail,ワームテール,14,413,59,40,2,9,42,28,8,1,4,60,28,1,3,22,17,200,1048,48,192,906:9454,508:165,721:11,1011:59,1407:165,4034:2,,,
1025,Snake,スネーク,15,420,66,44,1,9,46,15,12,1,6,50,30,1,2,22,1,200,1576,576,576,926:8006,1011:70,1116:120,4037:2,1118:20,,,,
1026,Munak,ムナック,30,2709,361,218,1,46,252,30,6,1,12,76,45,1,1,29,5,200,2468,768,288,901:9699,609:121,2337:2,2264:4,2305:121,2403:48,4090:2,,
1027,Poring,ポリン,1,50,2,1,1,3,7,1,0,1,0,7,2,1,3,21,3,400,1872,672,480,909:6681,507:477,1201:66,713:1431,938:381,4001:1,512:955,,,,,,,,,
1028,Soldier_Skeleton,ソルジャースケルトン,29,2457,338,206,1,24,231,29,5,1,10,69,44,1,1,29,5,200,2276,576,432,934:20,757:30,932:8153,501:1426,1202:305,1214:61,4086:2,,
1029,Isis,イシス,43,4440,2178,903,1,84,443,43,30,1,24,115,108,2,6,27,29,200,1384,768,336,954:1924,936:7696,731:288,732:38,733:9,4116:1,2603:2,2233:38,
1030,Anacondaq,アナコンダク,23,1026,300,149,1,33,164,23,8,1,8,59,46,1,2,25,17,200,1576,576,576,937:6744,926:2529,508:252,1011:84,4062:1,1455:50,,,
1031,PoPoring,ポポリン,14,330,74,40,1,13,59,14,4,1,4,33,28,1,3,25,3,300,1672,672,480,938:6445,910:2417,514:322,729:8,4033:1,511:805,,
1032,Verit,ベリット,38,4927,759,470,1,80,419,38,7,1,14,76,57,1,1,29,3,250,2468,768,480,929:5514,912:1240,509:896,2215:2,2612:275,4107:1,930:2068,
1033,Elder_Wilow,エルダーウィロー,20,708,148,92,1,12,74,20,8,1,8,58,40,1,3,43,1,200,1372,672,432,907:7205,1019:630,604:180,990:90,2328:81,757:9,4052:1,516:1801
1034,Thara_Frog,タラフロッグ,22,1992,219,138,1,22,105,22,8,1,12,56,44,1,5,41,1,200,2016,816,288,911:898,908:5987,918:2993,509:44,725:7,1011:67,4058:1,
1035,Hunter_Fly,ハンターフライ,42,4368,1379,866,1,67,346,42,45,1,16,114,147,0,4,44,5,150,1076,576,480,943:7347,912:2387,999:183,2259:1,1222:18,996:55,4115:1,
1036,Ghoul,グール,39,5017,802,492,1,80,430,39,7,1,14,72,59,1,1,49,5,250,2456,912,504,958:7028,934:263,506:1405,509:1177,756:17,2609:105,4110:1,
1037,Side_Winder,サイドワインダー,43,4440,1815,903,1,42,258,43,16,1,16,158,86,1,2,25,29,200,1576,576,576,954:2875,926:3593,912:1006,509:718,984:1,1119:7,4117:1,
1038,Osiris,オシリス,62,30670,15420,6600,1,1680,320,62,24,1,45,190,147,1,1,89,53,100,1072,672,384,930:6750,934:1687,751:42,608:421,984:590,985:421,4144:1,
1039,Baphomet,バフォメット,66,17500,26000,6800,2,320,1750,66,50,1,40,183,218,2,6,67,53,100,768,768,576,919:6335,923:2614,750:32,607:130,984:653,1466:32,4147:1,
1040,Golem,ゴーレム,25,3250,423,86,1,8,190,25,60,1,10,45,50,2,0,60,17,300,1608,816,396,911:2056,953:6854,715:342,1003:205,757:25,4072:1,,
1041,Mummy,マミー,37,4837,717,448,1,55,328,37,7,1,14,112,56,1,1,49,5,300,1772,72,384,930:9704,934:242,984:24,2604:2,2611:24,4106:1,,
1042,Steel_ChonChon,スティールチョンチョン,17,583,109,71,1,11,54,17,6,1,6,50,60,0,4,24,11,150,1076,576,480,935:5278,910:3619,943:45,999:45,1002:603,992:105,4042:1,
1043,Poring,ポリン,1,50,2,1,1,3,7,1,0,1,0,7,2,1,3,21,3,400,1872,672,480,909:6681,507:477,1201:66,713:1431,938:381,4001:1,512:955,,,,,,,,,
1044,Obeaune,オボンヌ,31,3528,586,370,1,24,141,31,12,1,36,105,62,1,5,41,29,200,1872,672,288,951:3500,950:8766,720:10,2325:43,5014:4,995:76,4093:1,
1045,Marc,マルク,36,6330,898,568,1,53,265,36,14,1,21,92,72,1,5,41,5,150,1272,72,480,951:3500,956:6831,720:17,509:1024,757:6,717:341,985:6,995:68,4105:1,
1046,Doppelganger,ドッフルギャンガ,60,12000,10680,3872,1,183,1250,60,85,1,50,225,150,1,6,67,53,100,480,480,288,505:3399,1160:339,603:679,724:1359,2316:339,2258:475,4142:1,,,
1047,PecoPeco_Egg,ペコペコの卵,3,300,4,4,0,1,1,1,60,1,0,4,4,0,0,60,0,1000,1001,1,1,935:3553,736:23,501:947,713:4264,1010:213,2102:47,4007:2,5015:5
1048,Thief_Bug_Egg,盗蟲の卵,4,60,8,4,0,1,1,4,0,1,0,18,10,0,4,27,0,1000,701,1,1,938:986,915:8222,1002:411,716:164,1010:164,2102:32,4012:1,737:16,
1049,Picky,ピッキ,3,80,4,3,1,3,9,3,0,1,0,13,6,0,2,23,1,200,988,288,168,916:7954,949:856,519:367,507:673,715:61,2302:85,4008:1,5018:1,
1050,Picky_,すごいピッキ,4,75,5,4,1,3,8,3,30,1,0,15,7,0,2,23,1,200,988,288,168,916:7954,949:856,519:367,507:673,715:61,2302:85,5015:100,4008:1,5018:1
1051,Thief_Bug,盗蟲,6,130,17,5,1,6,18,6,2,1,2,17,12,0,0,60,11,150,1288,288,768,909:5833,955:2916,1002:291,507:758,2304:81,2303:116,4016:1,,
1052,Rocker,ロッカ,9,200,20,16,1,5,24,18,4,1,2,23,18,1,4,22,1,200,1864,864,540,909:4400,940:5500,520:11,752:5,2298:4,4021:1,1401:77,,
1053,Thief_Bug_,盗蟲♀,10,170,35,18,1,7,33,10,5,1,6,33,25,1,4,27,11,200,988,288,768,955:6282,928:897,910:538,1002:538,716:89,1107:125,4026:1,,
1054,Thief_Bug__,盗蟲♂,19,627,203,85,1,12,76,19,8,1,9,55,48,1,4,27,13,300,988,288,768,955:5861,928:3973,508:89,729:4,1011:39,1151:29,4050:1,,
1055,Muka,ムカー,15,532,66,44,1,9,43,30,12,1,6,35,30,2,3,22,1,300,1960,960,384,507:1286,713:2573,952:5147,511:514,1002:321,1451:64,994:90,4036:1,
1056,Smokie,スモーキー,18,572,122,78,1,11,61,36,12,1,6,44,36,0,2,22,17,200,1576,576,420,945:4543,919:4543,516:908,754:2,2213:1,4044:1,,,
1057,Yoyo,ヨーヨー,19,784,135,85,1,11,71,30,12,1,6,51,43,0,2,22,11,200,1054,54,384,919:4714,942:3771,513:1414,508:94,753:4,4051:1,,,
1058,Metaller,メタルラ,22,996,219,138,1,28,131,22,8,1,8,71,44,1,4,23,11,200,1708,1008,540,911:400,935:3007,940:6515,707:5,757:10,990:60,4057:1,,
1059,Mistress,ミストレス,52,13500,2569,1632,1,172,890,30,60,1,70,141,207,0,4,84,53,100,1148,648,300,518:3199,526:399,722:399,712:3999,504:1599,996:399,2249:163,985:983,4132:1
1060,Bigfoot,ビッグフット,25,1471,282,171,1,22,236,50,20,1,10,45,50,2,2,22,17,300,1260,192,192,919:4755,948:3804,740:9,516:1426,2289:2,4074:1,,,
1061,Nightmare,ナイトメア,49,4437,1572,1625,1,82,447,49,0,1,72,113,123,2,6,68,29,150,1816,816,432,944:8633,510:1079,505:215,603:64,2608:4,4127:2,,,
1062,Santa_Poring,サンタポリン ,3,69,4,5,1,4,12,3,0,1,0,15,17,1,3,26,1,400,1672,672,480,512:1993,507:1993,529:3987,530:1993,741:19,2236:9,4005:2,2285:4,,
1063,Lunatic,ルナティック,3,60,6,2,1,3,9,3,0,1,30,11,6,0,2,60,1,200,1456,456,336,705:6615,949:1017,515:1119,512:610,507:559,2262:4,4006:1,5018:2,1154:71
1064,Megalodon,メガロドン,24,1584,196,120,1,33,171,24,4,1,8,50,36,1,1,29,1,200,2492,792,432,959:7001,510:140,719:17,717:210,603:3,4067:1,932:2625,
1065,Strouf,ストラウフ,40,7264,1126,684,1,53,294,40,42,1,48,83,80,2,5,61,5,150,1872,672,384,720:23,949:3514,956:1757,2241:2,984:2,2508:4686,4111:1,1461:11
1066,Vadon,バドン,19,924,135,85,1,11,74,19,30,1,9,55,38,0,5,21,17,300,1632,432,540,935:3835,910:2557,960:3409,943:85,717:42,2312:8,991:59,4049:1
1067,Cornutus,カナトゥス,23,1620,240,149,1,22,109,23,30,1,12,59,46,0,5,21,17,200,1248,48,480,911:1330,961:6654,943:1663,757:16,717:166,2105:33,991:133,4061:1
1068,Hydra,ヒドラ,14,660,59,40,7,6,22,14,0,1,30,54,28,0,3,41,4,1000,800,432,600,962:6398,938:2399,517:1119,525:8,1011:39,971:31,4035:1,
1069,Sword_Fish,ソードフィッシュ,30,3612,481,290,1,31,168,30,24,1,25,72,60,2,5,41,5,200,1968,768,384,963:8460,756:10,956:1269,1116:95,1113:95,2257:4,995:63,4089:2
1070,Kukre,ククレ,11,570,38,28,1,9,28,11,4,1,6,27,22,0,5,21,3,150,1776,576,288,955:5672,928:780,528:1418,991:70,4027:1,910:850,507:1205,
1071,Pirate_Skel,パイレーツスケル,25,1765,212,129,1,33,178,25,5,1,10,50,38,1,1,29,5,200,1754,554,288,932:9129,1104:456,1122:91,2211:304,603:6,2287:9,4073:3,
1072,Kaho,カホ,24,1056,261,160,1,28,143,24,8,1,20,68,48,1,6,83,5,200,1700,1000,500,970:11,1003:235,757:23,985:23,994:70,716:235,911:2355,953:7067
1073,Crab,クラブ,3,35,0,0,1,1,1,0,80,0,0,3,3,0,5,21,1,200,500,500,500,,,,,,,,
1074,Shellfish,シェルフィッシュ,3,20,0,0,1,1,1,0,90,0,0,3,3,0,5,21,0,2000,500,500,500,,,,,,,,
1075,Turtle,タートル,3,55,0,0,1,1,1,0,75,0,0,3,3,0,5,22,1,1000,500,500,500,,,,,,,,
1076,Skeleton,スケルトン,10,255,18,14,1,8,39,10,2,1,4,22,15,1,1,29,17,200,2228,528,576,909:6197,1505:144,1010:185,507:1755,932:1652,4025:2,2609,
1077,Poison_Spore,ポイズンスポア,19,627,169,85,1,12,89,19,6,1,6,43,38,1,3,25,5,200,1672,672,288,921:9039,972:41,510:69,511:764,2221:83,4048:1,,
1078,Red_Plant,赤い草,1,10,0,0,0,1,1,0,99,0,0,1,1,0,3,22,0,2000,1,1,1,712:1360,914:680,507:5440,711:1360,905:680,906:408,2269:100,2207:40
1079,Blue_Plant,青い草,1,10,0,0,0,1,1,0,99,0,0,1,1,0,3,22,0,2000,1,1,1,712:1273,510:5094,514:1273,522:63,905:636,906:382,2270:2,2207:500
1080,Green_Plant,緑色草,1,10,0,0,0,1,1,0,99,0,0,1,1,0,3,22,0,2000,1,1,1,704:72,511:5795,711:1448,905:724,906:434,521:72,2270:2,2207:40,
1081,Yellow_Plant,黄色草,1,10,0,0,0,1,1,0,99,0,0,1,1,0,3,22,0,2000,1,1,1,712:1360,914:680,508:5440,711:1360,905:680,906:408,707:68,2269:100,
1082,White_Plant,白い草,1,10,0,0,0,1,1,0,99,0,0,1,1,0,3,22,0,2000,1,1,1,712:1448,509:5795,905:724,703:72,711:1448,521:72,2269:2,,
1083,Shining_Plant,輝く草,1,20,0,0,1,1,1,0,99,0,0,1,1,0,3,26,0,2000,1,1,1,518:2000,508:1520,510:6082,509:1520,607:76,608:30,710:7,714:1,518:760
1084,Black_Mushroom,黒いきのこ,1,15,0,0,1,1,1,0,99,0,0,1,1,0,3,22,0,2000,1,1,1,921:8000,949:585,970:5,971:5,991:29,,,,
1085,Red_Mushroom,赤いきのこ,1,15,0,0,1,1,1,0,99,0,0,1,1,0,3,22,0,2000,1,1,1,1070:7000,1070:7000,1070:7000,,,,,,
1086,Golden_Bug,黄金蟲,50,8500,50,50,1,200,680,15,90,1,45,105,135,2,4,43,11,100,768,768,480,701:735,969:150,510:1470,757:1639,756:1639,2610:294,4128:1,928:7351,1524:1
1087,Ork_Hero,オークヒーロー,60,19540,9000,2000,1,450,1800,120,48,1,24,145,120,2,7,42,53,150,1678,780,648,922:4968,968:2484,912:1863,725:310,1124:62,1304:17,1366:1,985:1376,4143:1
1088,Vocal,ボーカル,18,2956,100,80,1,11,71,36,12,1,6,71,46,1,4,22,21,200,1080,648,480,912:2277,940:4555,752:854,721:569,532:1708,2247:28,4021:5,,
1089,Toad,トード,10,4870,100,50,1,6,26,10,4,1,6,20,15,1,5,21,21,200,1236,336,432,746:3218,518:4291,729:2145,970:214,2244:107,4014:2,,,
1090,Mastering,マスターリンク,2,2100,30,10,1,6,18,2,15,1,30,19,4,1,3,21,21,300,1072,672,480,512:3710,741:695,531:1391,722:463,4001:4,2257:23,2285:10,,
1091,Dragon_Fly,ドラゴンフライ,8,2000,80,40,1,5,22,8,60,1,2,25,28,0,4,24,21,100,1076,576,480,533:2211,501:5897,742:1105,719:737,2607:3,2245:36,4009:7,,
1092,Vagabond_Wolf,さすらい狼,24,10200,225,160,1,24,135,48,30,1,8,74,69,1,2,22,21,150,1048,648,432,517:2158,715:269,2248:13,4029:2,919:1079,,,,
1093,Eclipse,エクリプス,6,1500,55,50,1,6,20,6,20,1,45,17,42,0,2,60,21,200,1456,456,336,746:695,727:463,515:3709,519:3709,534:1391,706:2,2209:40,4006:4,
1094,Ambernite,アンバーナイト,13,430,52,36,1,7,39,13,45,1,6,31,26,2,4,21,17,400,2048,648,648,946:4753,910:1426,935:3565,1002:178,757:1,943:2,991:71,4032:1,
1095,Andre,アンドレ,17,674,109,71,1,11,60,34,12,1,6,43,34,0,4,22,11,300,1288,288,384,955:4487,935:2447,910:1958,938:815,1002:285,4043:1,1001:3,,
1096,Angeling,エンジェリング,20,10738,148,138,1,60,108,20,30,1,75,88,70,1,8,86,21,200,1072,672,672,610:2853,504:5707,741:285,2254:500,2282:100,2323:342,714:228,4054:5
1097,Ant_Egg,蟻の卵,4,300,5,4,0,1,1,1,60,1,30,5,5,0,0,60,0,1000,1001,1,1,909:2682,935:3353,938:871,713:2682,1010:140,1002:268,4013:1,5015:10
1098,Anubis,アヌビス,55,10130,2906,2700,1,124,688,55,22,1,44,150,124,1,8,26,21,200,2000,1000,500,504:9584,2602:79,2319:79,4138:15,,,,
1099,Argiope,アルギオペ,41,4296,1633,829,1,100,507,41,32,1,16,97,82,2,4,25,21,300,1792,792,336,4114:1,718:14,2406:29,757:8,985:8,511:2226,912:1781,
1100,Argos,アルゴス,25,1176,353,171,1,33,178,25,10,1,10,57,50,2,4,25,29,300,1468,468,768,1025:5847,943:321,511:979,508:365,1042:730,4075:1,911:1754,
1101,Baphomet_,バフォメットJr.,50,6354,3281,1346,1,103,570,50,50,1,30,143,125,0,6,27,21,100,868,480,120,923:3657,607:365,984:43,1464:73,4129:7,504:5120,610:731,
1102,Bathory,バーズリー,44,4512,2288,940,1,84,453,44,20,1,80,128,110,1,7,27,21,100,1504,840,900,1061:9396,1000:70,1006:35,1610:23,2294:469,4119:2,,
1103,Caramel,キャラメル,23,1282,240,149,1,22,109,46,16,1,8,61,46,0,2,22,17,200,1604,840,756,919:4853,1027:4853,1404:72,1407:121,1454:48,2309:48,4063:1,
1104,Coco,コーコー,17,729,109,71,1,11,56,34,12,1,6,41,34,0,2,22,17,150,1864,864,1008,919:2494,914:2993,1026:3991,516:498,2501:19,4041:1,,
1105,Deniro,デニーロ,19,784,135,85,1,11,68,30,12,1,6,62,38,0,4,22,11,150,1288,288,576,935:2443,910:2221,938:888,2294:4,4043:1,5015:2443,955:4442,
1106,Desert_Wolf,デザートウルフ,27,1560,388,242,1,39,189,27,10,1,10,83,54,1,2,23,13,200,1120,420,288,919:6073,517:1453,2311:1,1252:36,920:2429,4082:1,,
1107,Desert_Wolf_B,子デザートウルフ,9,160,20,16,1,6,30,9,2,1,2,30,18,0,2,23,9,300,1600,900,240,517:1210,919:8071,2305:141,2301:403,4023:1,1010:171,,
1108,Deviace,デビアス,47,11492,1914,1208,1,160,731,47,77,1,27,109,94,1,5,81,17,400,1680,480,384,1053:9199,1054:459,5011:4,4125:2,995:103,971:229,,
1109,Deviruchi,デビルチ,46,5661,2735,1162,1,103,525,46,40,1,27,133,115,0,6,27,21,150,980,600,384,912:2534,1038:6759,1039:675,1457:16,4122:1,,,
1110,Dokebi,ドケビ,33,2345,1008,414,1,52,268,33,15,1,22,102,83,0,6,27,17,250,1156,456,384,1021:8849,969:2,1005:11,1501:1106,985:4,1516:22,1613:2,4098:1
1111,Drainliar,ドラインリアー,24,1056,392,160,1,10,74,24,10,1,12,102,60,0,2,47,29,250,1276,576,384,913:8809,507:1101,725:22,1011:66,4069:1,,,
1112,Drake,ドレイク,55,28920,8600,2500,1,327,1380,55,40,1,22,190,83,1,1,29,53,400,620,420,360,504:1687,932:7172,1122:84,1126:42,985:590,4137:1,1135:1,5019:90,
1113,Drops,ドラップス,3,55,4,3,1,3,10,3,0,1,0,15,6,1,3,23,3,400,1372,672,480,909:6563,938:437,512:962,713:1487,1601:61,4004:1,741:4,,
1114,Dustiness,ダスティネース,21,966,198,127,1,22,100,21,8,1,8,59,74,0,4,44,17,150,1004,504,384,928:2592,1057:5184,1058:648,507:1555,2291:5,1001:12,4056:1,,
1115,Eddga,エドガ,47,14500,6800,1208,1,128,1190,47,45,1,30,112,94,2,2,23,53,300,872,1344,432,1030:704,1029:5633,529:2112,518:1408,2268:140,4052:1,985:932,1133:1
1116,Eggyra,エギラ,24,792,196,200,1,22,114,24,0,1,16,56,60,1,0,48,17,200,1816,816,288,5015:2,938:7775,4070:1,507:1110,911:1110,,,,
1117,Evil_Druid,イービルドルイド,58,14107,2627,1661,1,176,948,58,22,1,70,126,87,2,1,89,21,300,2276,576,336,509:8417,2508:42,610:841,2216:420,1615:21,4141:4,1551:210,609:42,
1118,Flora,フローラ,26,1901,357,226,3,31,292,52,20,1,10,69,52,2,3,22,4,1000,1432,432,576,1032:6093,905:3046,711:761,521:76,704:15,2253:4,4080:1,,
1119,Frilldora,フリルドラ,30,1806,481,290,1,39,210,30,12,1,12,83,60,1,2,23,17,300,1540,720,432,903:2259,501:1205,715:301,912:180,721:22,985:4,4088:1,,
1120,Ghostring,ゴーストリング,18,9413,92,98,1,40,54,18,0,1,75,90,45,1,6,88,21,300,1220,1080,648,1059:8770,604:877,603:17,2274:175,2335:105,714:52,4047:1,,
1121,Giearth,ガイアス,29,2047,450,274,1,31,162,58,20,1,45,73,58,0,6,22,17,200,1848,1296,432,1040:9276,1003:347,2226:69,2286:2,2294:231,997:69,4087:2,,
1122,Goblin_1,ゴブリン長男,25,1176,282,171,1,22,118,25,10,1,10,63,88,1,7,24,21,100,1120,620,240,911:5112,501:3408,2103:119,1210:127,985:63,2297:12,4060:4,2266:1150,2297:12
1123,Goblin_2,ゴブリン次男,24,1056,261,160,1,12,78,24,8,1,8,90,48,1,7,23,29,150,1320,620,240,911:5050,501:2777,508:606,2266:1262,2263:500,2103:131,4060:,5050:15,1512:151
1124,Goblin_3,ゴブリン三男,24,1056,327,160,1,33,171,24,8,1,8,48,48,1,7,25,13,250,1624,624,240,911:5055,501:2780,508:606,2266:1162,2275:15,2103:121,1704:252,993:1000,4060:5
1125,Goblin_4,ゴブリン四男,23,1282,240,149,1,22,109,46,16,1,8,59,46,1,7,22,13,200,1624,624,240,911:4920,501:3075,1507:184,2266:1045,992:615,2103:135,4060:6,,
1126,Goblin_5,ゴブリン五男,22,1992,219,138,1,22,105,22,8,1,12,54,44,1,7,21,13,300,3074,1874,480,911:4568,501:2855,508:571,2266:1045,2103:114,4060:5,1604:342,
1127,Hode,ホード,26,1901,357,226,1,31,146,52,20,1,10,75,52,1,2,42,1,200,1480,480,720,1055:5429,938:4072,715:271,757:20,993:162,1001:40,1000:1,4081:1,992:162
1128,Horn,ホルン,18,646,122,78,1,11,63,28,12,1,6,65,36,1,4,22,17,200,1528,528,288,947:4850,935:4850,943:84,1011:42,1451:72,993:97,4045:1,992:97
1129,Horong,ホロン,34,2394,715,436,1,52,275,34,80,1,65,93,68,0,0,83,13,400,1888,1152,828,953:6466,1752:994,912:497,970:49,2279:1,4103:1,,
1130,Jakk,ザック,38,3285,1012,626,1,67,350,38,14,1,65,113,76,1,0,43,21,200,1180,480,648,1062:6751,912:1518,995:8,2330:25,985:6,4109:1,,
1131,Joker,ジョーカー,57,9291,3369,2147,1,117,621,57,44,1,45,155,200,2,7,84,21,100,1364,864,432,4005:100,5003:500,2409:7692,4139:1,,,,
1132,Khalitzburg,カリッツバーグ,63,14278,3980,2500,1,356,1890,64,80,1,20,126,103,2,1,29,21,400,528,1000,396,504:1106,932:8854,2108:16,985:8,5017:1,4136:1,,
1133,Kobold_1,コボルト1,36,3165,898,568,1,53,265,36,38,1,14,88,126,1,7,44,13,150,1028,528,360,912:1446,999:165,2104:92,1707:44,4091:2,,
1134,Kobold_2,コボルト2,31,2247,733,370,1,62,302,31,12,1,12,67,62,1,7,45,13,200,1528,528,360,1034:5000,912:438,502:219,999:153,2103:85,2102:328,4091:2,
1135,Kobold_3,コボルト3,31,2247,586,370,1,30,155,31,12,1,12,129,62,1,7,43,13,300,1228,528,360,1034:5000,912:449,502:224,999:134,2104:80,4091:2,990:78,1708:44
1136,Kobold_4,コボルト4,30,3612,481,290,1,31,168,30,12,1,18,70,60,1,7,41,13,200,2200,1000,500,1351:336,2104:73,4091:2,1355:67,502:224,999:112,912:224,
1137,Kobold_5,コボルト5,30,2258,481,290,1,31,168,60,24,1,12,65,60,1,7,42,13,200,2000,1000,500,2103:67,1503:337,4091:2,1513:67,502:224,999:89,912:224,
1138,Magnolia,白蓮玉,26,3042,357,226,1,31,146,26,10,1,15,65,52,0,6,21,3,250,1560,360,360,910:3039,909:6078,912:91,737:30,4076:1,911:759,,
1139,Mantis,マンティス,26,1901,357,226,1,31,146,52,40,1,10,71,52,1,4,22,29,200,1528,660,432,1031:2500,911:2166,501:1006,943:386,721:15,993:170,1213:61,4079:1
1140,Marduk,マルデューク,40,3632,1126,684,1,67,368,40,16,1,75,118,80,2,7,23,29,300,1540,840,504,1045:9808,1006:24,2617:4,1614:12,1607:49,994:98,4112:2,
1141,Marina,マリーナ,21,1932,198,127,1,22,100,21,8,1,12,57,42,0,3,41,1,400,2280,1080,864,1052:3027,938:3616,717:241,995:12,991:102,4055:1,991:102,
1142,Marine_Sphere,マリンスピアー,28,3198,419,258,1,31,157,28,10,1,15,61,56,0,3,21,0,800,1201,1,1,1050:8526,1051:1065,,,717:319,1519:63,4084:2,
1143,Marionette,マリオネット,41,3222,980,1037,1,67,338,41,0,1,32,110,103,0,6,68,29,300,1480,480,1056,1060:9269,1019:695,995:23,2605:2,2294:4,2407:2,4113:2,
1144,Marse,マルス,31,4494,586,370,1,41,201,31,12,1,18,83,62,0,5,41,17,300,1956,756,528,,,,,,,
1145,Martin,マーティン,18,990,122,78,1,11,48,36,12,1,6,33,36,0,2,42,1,300,1480,480,480,1018:1098,1017:8787,2224:43,5009:2,1250:66,4046:2,
1146,Matyr,マーター,31,2247,879,370,1,26,144,31,15,1,18,95,78,1,2,27,29,150,432,432,360,528:5481,919:4385,730:200,731:109,732:10,2618:10,4097:1
1147,Maya,マヤ,65,24500,21000,2999,1,800,2770,130,52,1,50,135,130,2,4,82,53,100,864,1000,480,984:3426,985:3426,757:3426,1716:285,4146:5,,
1148,Medusa,メデューサ,47,4309,1436,1510,1,82,429,47,35,1,60,95,118,2,6,48,21,200,2000,1000,500,1713:21,1047:8472,4124:2,504:1059,,,
1149,Minorus,ミノタウロス,48,5831,2005,1254,1,103,1096,48,18,1,18,118,96,2,2,23,53,200,1700,1000,500,,,,,,,
1150,Moonlight,月夜花,51,9000,5000,1500,1,97,540,35,50,1,65,126,102,1,6,63,53,150,1276,576,288,1022:6014,715:751,504:2255,4131:1,985:902,757:902,
1151,Myst,ミスト,38,3285,1265,626,1,80,419,38,14,1,30,91,76,2,0,25,21,200,1576,576,384,1019:9970,4108:9,5005:19,,,,
1152,Orc_Skeleton,オークスケルトン,28,2398,315,194,1,46,235,28,5,1,10,58,42,1,1,29,5,200,2420,720,648,922:5564,506:65,757:19,2299:2,932:4606,1357:39,4085:1
1153,Orc_Zombie,オークゾンビ,24,1584,196,120,1,33,171,24,4,1,8,48,36,1,1,29,5,400,2852,1152,840,1043:5712,938:4284,714:1,4071:1,,,
1154,Pasana,パサナ,33,2345,672,414,1,36,182,33,12,1,12,129,66,1,7,43,29,200,1700,1000,500,1154:874,2228:1398,1116:1748,984:174,4099:34,503:2097,
1155,Petit,プティット,44,5640,1525,940,1,67,362,88,52,1,16,123,88,1,9,22,29,200,1624,620,384,912:2157,1035:5752,1037:431,984:2,1510:215,4118:1,509:1438
1156,Petit_,プティット_,45,4870,1598,977,1,67,370,45,38,1,18,118,158,1,9,24,29,150,1420,1080,528,912:2053,1036:5475,1037:410,602:684,509:1358,4118:1,
1157,Pharaoh,ファラオ,70,22564,18000,10000,1,500,2200,70,45,130,75,190,197,1,8,46,53,100,2000,1000,500,714:97,1136:1,757:3495,984:3495,1552:699,2327:34,4148:3
1158,Phen,フェン,26,3042,357,226,1,12,108,26,10,1,15,114,52,1,5,41,17,150,2544,1344,1152,1023:5329,963:2664,517:1332,720:6,4077:1,2508:666,
1159,Phreeoni,フリオニ,46,18000,5400,1000,1,150,667,46,30,1,45,242,92,2,2,60,53,200,1020,1020,288,1014:5462,1015:4370,985:847,730:109,1223:2,4121:1,2288:169
1160,Piere,ピエール,18,756,122,78,1,11,64,36,12,1,6,45,36,0,4,22,11,200,1288,288,576,955:4486,935:2518,910:2124,938:865,4043:1,1001:3,,
1161,Plankton,プランクトン,10,340,23,18,1,5,26,10,4,1,6,25,20,0,3,61,1,400,2208,1008,324,1052:7048,713:1281,938:1281,910:384,970:2,4024:1,,
1162,Rafflesia,ラフレシア,27,1950,388,242,1,15,105,54,20,1,10,103,54,0,3,22,5,200,3652,2652,1056,4083:1,2269:16,911:2579,1033:6448,706:3,703:16,509:48,711:886
1163,Raydric,レイドリック,52,7380,3860,1632,1,124,1302,52,75,1,30,116,130,2,7,47,29,150,824,780,420,985:571,1151:7142,1158:714,2314:714,2266:71,4133:71,,
1164,Requiem,レクイエム,35,2617,1137,458,1,52,283,35,18,1,21,95,88,1,7,27,5,400,1516,816,432,603:9615,714:192,4104:192,,,,,
1165,Sand_Man,サンドマン,34,2993,715,436,1,41,220,68,24,1,12,94,68,1,0,62,5,250,1672,720,288,1056:9013,1001:450,1003:450,997:78,985:4,4101:2,,
1166,Savage,サベージ,26,1901,357,226,1,31,146,52,20,1,10,63,52,2,2,42,17,150,1960,960,384,1028:4437,605:11,919:5546,702:2,2276:1,4078:1,,
1167,Savage_Babe,サベージベベ,7,175,14,12,1,5,20,14,4,1,2,19,14,0,2,22,1,400,1624,624,576,919:6152,1750:1538,517:769,949:1307,1352:107,4017:1,1010:123,
1168,Scorpion_King,スコーピオンキング,50,6354,2187,1346,1,103,570,50,40,1,20,133,100,2,7,23,17,200,1700,1000,500,,,,,,,,
1169,Skel_Worker,スケルワーカー,30,2709,361,218,1,46,252,30,6,1,12,68,45,1,1,29,5,400,2420,720,384,998:849,1003:424,999:212,1041:8492,756:10,5009:4,985:4,4092:2
1170,Sohee,ソフィー,33,4690,672,414,1,41,214,33,20,1,35,81,66,1,6,21,17,300,2112,912,576,1020:7779,1049:97,501:1944,1216:136,2504:38,2277:1,4100:1,
1171,Soldier_Andre,ソルジャーアンドレ,22,1245,219,138,1,22,105,44,20,1,8,62,44,0,4,42,29,200,1001,1,1,,,,,,,,
1172,Soldier_Deniro,ソルジャーデニーロ,29,2047,450,274,1,31,162,58,20,1,10,83,58,0,4,42,29,200,2000,1000,500,,,,,,,,
1173,Soldier_Piere,ソルジャーピエール,23,1282,240,149,1,22,109,46,20,1,8,61,46,0,4,42,29,200,1001,1,1,,,,,,,,
1174,Stainer,スタイナー,16,561,96,64,1,11,53,16,6,1,6,46,56,0,4,24,17,200,1688,1188,612,935:3157,1013:4210,943:10,910:2210,1002:315,1011:31,992:63,4039:1
1175,Tarou,タロウ,11,270,57,28,1,11,34,11,5,1,6,35,31,0,2,27,17,150,1744,1044,684,919:3408,949:908,1016:4544,528:1136,701:1,4028:1,,
1176,Vitata,ビタタ,20,885,148,92,1,11,69,40,16,1,8,60,40,0,4,22,17,300,1768,768,384,518:1000,955:2500,911:1500,993:1000,4053:0.005,,,
1177,Zenorc,ゼノーク,31,2247,879,370,1,20,168,15,15,1,18,115,98,1,7,27,3,150,1180,480,360,1044:4962,938:4962,1006:6,756:6,503:62,4096:1,756:6,
1178,Zerom,ゼロム,23,1026,240,149,1,28,137,23,8,1,8,65,46,1,7,23,5,200,1780,1080,432,998:28,1002:2832,1011:519,2265:28,2408:94,2339:1888,4064:9,
1179,Whisper,ウィスパー,34,1796,537,545,1,41,220,34,0,1,45,94,85,0,6,68,29,150,1960,960,504,1059:9587,2332:47,1001:359,2274:2,4102:2,,,
1180,Nine_Tail,九尾狐,51,7281,1500,550,1,124,639,51,40,1,10,140,131,1,2,63,21,150,840,540,480,1022:3571,919:6250,604:89,603:89,,,,
1181,Zombie_Dragon,ゾンビドラゴン,1,1000,45000,15000,9,2,17,1,10,1,1,100,2,2,9,89,53,400,2700,1000,500,,,,,,,,
1182,Thief_Mushroom,シーフのきのこ,1,15,0,0,1,1,1,0,99,0,0,1,1,0,3,22,0,2000,1,1,1,1070:7000,1069:1000,,,,,,
1183,ChonChon_,チョンチョン2,4,75,5,4,1,3,10,4,0,1,0,16,14,0,4,24,5,200,1076,576,480,935:1000,,,,,,,
1184,Fabre_,ファブル2,1,30,1,0,1,3,4,1,0,1,0,5,3,0,4,22,5,400,1672,672,480,512:2500,,,,,,,
1185,Whisper_,ウィスパー2,34,1796,537,545,1,41,220,34,0,1,45,94,85,0,1,28,4,150,1960,960,504,2332:47,1001:359,2274:2,4102:2,,,
1186,Whisper_Boss,巨大ウィスパー,34,5040,537,545,1,41,252,34,0,1,45,94,85,0,6,48,21,250,2536,1536,672,2332:47,1001:359,2274:2,4102:2,,,
1187,Switch,スイッチ,1,1,1,1,1,1,1,1,1,1,0,2,2,1,0,20,0,1,1,1,1,,,,,,,,
1188,Bon_Gun,ボンゴン,32,3200,386,220,1,40,270,36,10,47,5,72,47,1,1,29,13,200,1720,500,420,1094:3500,508:1000,1097:500,7014:300,1006:100,609:1000,2337:10,
1189,Orc_Archer,オークアーチャー,49,6200,1572,1625,9,80,420,62,30,20,16,184,101,1,7,22,13,300,1960,620,480,1063:3500,501:2500,504:200,509:700,1754:1000,596:900,1756:1100,1755:1200
1190,Orc_Lord,オークロード,80,32000,25600,13000,1,620,2960,168,40,65,65,205,159,2,7,82,13,100,1248,500,360,968:3500,2601:500,5007:200,985:700,984:1000,714:100,4135:0.005,
1191,Mimic,ミミック,51,5100,150,150,1,1150,350,1,30,60,65,126,172,1,0,60,13,100,972,500,288,611:3500,1065:2500,603:30,617:10,714:10,,,
1192,Wraith,レイス,53,9999,1999,999,1,150,678,30,15,25,70,131,148,2,1,89,13,300,1816,576,240,1059:3500,602:1000,716:300,2505:10,2206:100,,,
1193,Alarm,アラーム,58,8872,3624,2240,1,120,530,55,35,10,35,143,130,1,0,60,13,300,1020,500,768,1095:3500,7005:2500,611:2000,7026:500,7027:500,984:10,2607:100,
1194,Arclouse,アークロウズ,59,4500,152,872,1,70,570,1,45,5,35,134,134,1,4,42,13,100,960,500,480,,,,,,,,
1195,Rideword,ライドワード,59,10580,1825,2824,1,120,380,25,15,75,55,204,126,0,0,60,13,150,864,500,192,1096:3500,7015:1000,1006:100,1553:50,1554:50,1555:50,1556:50,
1196,Skel_Prisoner,スケルトンプリズナー,52,9356,2242,1420,1,240,760,46,14,1,15,114,72,1,1,69,13,400,1848,500,576,941:3500,1099:3000,930:4000,716:1000,7016:500,2320:100,2408:100,
1197,Zombie_Prisoner,ゾンビプリズナー,53,10444,2396,1567,1,150,810,49,18,1,15,125,77,1,1,69,13,400,1768,500,192,941:3500,1099:3000,930:4000,716:1000,7016:500,2266:100,2408:100,
1198,Dark_Priest,ダークプリースト,59,8400,3320,2974,1,72,298,38,45,95,75,141,113,1,7,87,13,200,1500,500,1000,,,,,,,,
1199,Punk,パンク,43,3620,1545,939,1,73,162,5,0,5,30,108,148,0,3,24,13,300,1500,500,1000,,,,,,,,
1200,Zherlthsh,ゾルタス,56,18300,3280,2095,1,327,1428,74,50,10,5,114,88,2,7,60,13,200,1500,500,1000,,,,,,,,
1201,Rybio,リビオ,57,12600,3520,2143,1,185,725,42,23,39,25,181,131,1,7,60,13,200,1500,500,1000,,,,,,,,
1202,Phendark,フェンダーク,58,9200,3854,2320,1,223,897,50,36,58,40,143,166,1,7,60,13,200,1500,500,1000,,,,,,,,
1203,Mysteltainn,ミストルテイン,78,21000,5870,4690,2,450,1750,80,75,99,65,237,217,2,0,87,45,250,1152,500,240,,,,,,,,
1204,Tirfing,ティルフィング,71,17500,4920,3850,1,250,1420,60,60,77,80,198,168,1,0,67,13,100,816,500,240,,,,,,,,
1205,Executioner,エクスキュージョナー,65,14000,4300,3215,2,150,1140,40,40,55,45,170,150,2,0,47,45,200,768,500,384,999:800,7024:10,7017:1000,1107:1000,1110:500,1122:100,1113:100,984:10
1206,Anolian,アノリアン,63,15800,3980,2890,1,150,790,58,35,35,25,160,106,1,5,41,13,200,900,500,864,7003:3500,938:2500,717:1000,528:1500,504:1800,1754:800,2607:50,
1207,Sting,スティング,61,9500,3710,2700,1,182,820,65,5,5,15,176,106,1,0,62,13,400,528,500,240,7004:3500,1756:1000,1003:800,997:100,2604:10,,,
1208,Wander_Man,うろつく者,75,9000,5260,4300,2,283,1550,38,15,55,35,202,267,1,6,24,45,100,672,500,192,7005:3500,616:1500,610:2500,608:1000,984:500,1164:500,2270:800,,
1209,Cramp,クランプ,56,5200,2491,1726,1,121,480,35,10,25,15,121,141,0,2,45,13,100,1500,500,1000,514:2500,510:1000,7007:3600,512:0.05,528:1500,746:500,972:500,4028:0.005,726:100
1210,Filamentous,フィラメントス,51,4870,1926,1353,1,100,425,55,60,5,20,134,86,1,4,23,13,200,1500,500,1000,,,,,,,,,
1211,Brilight,ブリライト,46,4120,1660,1210,1,85,278,20,65,10,20,96,136,0,4,23,13,200,1500,500,1000,602:1500,7009:2500,912:3500,509:1000,610:100,757:300,992:800,4039:0.005,
1212,Iron_fist,アイアンフィスト,47,3015,1435,1520,1,160,375,20,80,10,5,128,72,1,4,60,13,200,1500,500,1000,,,,,,,,,
1213,High_Orc,ハイオーク,52,4300,2128,1490,1,178,468,82,45,35,25,134,98,2,7,43,13,150,1500,500,1000,998:2000,999:1500,1063:3500,7002:3500,931:2500,502:2000,912:2500,756:1000,
1214,Choco,チョコ,43,3720,750,1150,1,87,235,55,20,45,10,108,111,0,2,23,13,200,1500,500,1000,942:5000,7011:3500,513:2500,532:2000,508:3500,607:1000,2311:500,4051:0.005,
1215,Stem_Worm,ステムワーム,40,4720,1320,854,2,75,230,25,35,30,10,119,70,1,3,24,13,200,1500,500,1000,906:5000,7012:3500,509:4500,912:2500,608:1000,997:1000,1454:1500,,
1216,Penomena,ペノメナ,57,9266,2870,2200,7,108,360,45,5,15,5,193,62,1,5,25,13,400,832,500,600,938:3500,7013:1500,962:2000,716:300,912:1000,719:100,4035:0.005,,
1217,Poring,ポリン,1,50,2,1,1,3,7,1,0,1,0,7,2,1,3,21,3,400,1872,672,480,909:6681,507:477,1201:66,713:1431,938:381,4001:1,512:955,2285:954,,,,,,,,
1218,Poring,ポリン,1,50,2,1,1,3,7,1,0,1,0,7,2,1,3,21,3,400,1872,672,480,909:6681,507:477,1201:66,713:1431,938:381,4001:1,512:955,2285:954,,,,,,,,
1219,Knight_Of_Abyss,深淵の騎士,80,27800,7699,5698,1,468,2450,70,85,1,65,206,168,2,7,87,45,300,1500,500,1000,1064:3500,7023:2500,1410:2500,2316:1500,2318:500,985:500,714:1000,4140:1,
1220,M_DESERT_WOLF,Mデザートウルフ,27,1560,388,242,1,39,189,27,10,1,10,83,54,1,2,23,13,200,1120,420,288,,,,,,,,,
1221,M_SAVAGE,Mサベージ,26,1901,357,226,1,31,146,52,20,1,10,63,52,2,2,42,13,150,1960,960,384,,,,,,,,,
1222,L_HIGH_ORC,Lハイオーク,52,4300,2128,1490,1,178,468,82,45,35,25,134,98,2,7,43,13,200,1500,500,1000,,,,,,,,,
1223,L_ORC,Lオーク,24,1320,261,160,1,22,114,48,16,1,8,58,48,1,7,22,13,200,1864,864,288,,,,,,,,,
1224,L_POISON_SPORE,Lポイズンスポア,19,627,169,85,1,12,89,19,6,1,6,43,38,1,3,25,13,200,1672,672,288,,,,,,,,,
1225,L_CHOCO,Lチョコ,43,3720,750,1150,1,87,235,55,20,45,10,108,111,0,2,23,13,200,1500,500,1000,,,,,,,,,
1226,L_KOBOLD,Lコボルド,36,3165,898,568,1,53,265,36,38,1,14,88,126,1,7,44,13,200,1028,528,360
1227,L_GOBLIN,Lゴブリン,25,1176,282,171,1,22,118,25,10,1,10,63,88,1,7,24,13,100,1120,620,240
1228,L_PHEN,Lフェン,26,3042,357,226,1,12,108,26,10,1,15,114,52,1,5,41,13,150,2544,1344,1152
1229,META_FABRE,メタファブル,2,63,3,2,1,3,8,4,0,1,0,9,4,0,4,22,13,400,1672,672,480
1230,META_PUPA,メタプパ,2,450,2,4,0,1,1,1,15,1,0,3,3,0,4,22,13,1000,1001,1,1
1231,META_CREAMY,メタクリーミー,16,561,96,64,1,11,53,16,6,1,30,32,56,0,4,24,13,200,1220,720,288
1232,META_PECOPECO_EGG,メタぺこぺこの卵,3,300,4,4,0,1,1,1,60,1,0,4,4,0,0,60,13,1000,1001,1,1
1233,CONCEIVE_PECOPECO,コンシーブペコペコ,13,510,85,36,1,11,35,13,4,1,4,40,26,2,2,23,13,200,1564,864,576
1234,PROVOKE_YOYO,プロボックヨーヨー,19,784,135,85,1,11,71,30,12,1,6,51,43,0,2,22,15,200,1054,54,384
1235,SMOKING_ORC,スモーキングオーク,24,1320,261,160,1,22,114,48,16,1,8,58,48,1,7,22,13,200,1864,864,288
1236,META_ANT_EGG,メタ蟻の卵,4,300,5,4,0,1,1,1,60,1,30,5,5,0,0,60,13,1000,1001,1,1
1237,META_ANDRE,メタアンドレ,17,674,109,71,1,11,60,34,12,1,6,43,34,0,4,22,15,300,1288,288,576
1238,META_PIERE,メタピエール,18,756,122,78,1,11,64,36,12,1,6,45,36,0,4,22,15,200,1288,288,576
1239,META_DENIRO,メタデニーロ,19,784,135,85,1,11,68,30,12,1,6,62,38,0,4,22,15,150,1288,288,576
1240,META_PICKY,メタピッキ,3,80,4,3,1,3,9,3,0,1,0,13,6,0,2,23,13,200,988,288,168
1241,META_PICKY_,メタすごいピッキ,4,75,5,4,1,3,8,3,30,1,0,15,7,0,2,23,13,200,988,288,168
1242,Marin,マーリン,15,720,66,44,1,4,39,10,3,1,30,50,25,1,3,41,1,400,1872,672,480,938:6000,910:4500,529:3500,510:1500,720:800,991:1000,4001:0.005,,
1243,Sasquatch,サスカッチ,30,2750,481,290,1,30,280,70,20,1,5,56,55,2,2,60,21,300,1260,192,192,948:5000,949:3000,509:4000,504:2500,912:2500,727:1000,2289:800,4074:0.005,
1244,Jakk_Xmas,クリスマスジャック,38,3285,1012,626,1,67,350,38,14,1,65,113,76,1,0,43,21,200,1180,480,648,985:6,995:8,2330:25,4109:1,912:1518,,,,
1245,Gobline_Xmas,クリスマスゴブリン,25,1176,282,171,1,22,118,25,10,1,10,63,88,1,7,24,21,100,1120,620,240,911:5000,501:4500,508:4800,998:2000,2297:500,2103:1500,757:1000,2236:500,4060:0.005
1246,Cookie_Xmas,クッキー,28,1900,419,258,1,30,210,30,10,1,30,73,52,0,7,46,1,400,1248,1248,240,,,,,,,,,
1247,Antonio,アントニオ,10,10,3,2,1,7,13,1,0,1,0,110,11,1,3,66,1,100,720,720,432,529:4000,530:3500,538:2000,7034:1000,644:1000,539:1500,2236:500,4005:0.005,
1248,Cruiser,クルーザー,35,2350,1100,450,7,65,295,20,25,1,15,120,65,1,0,60,21,400,1296,1296,432,,,,,,,,,
1249,Mystcase,ミストケース,38,3000,1012,626,1,200,180,25,20,1,65,103,88,1,0,60,1,400,1248,1248,432,,,,,,,,,
1250,Chepet,チェペット,42,4500,1380,860,1,60,360,60,10,1,30,117,124,1,7,23,21,400,672,672,288,,,,,,,,,
1251,Knight_Of_Windstorm,ストームナイト,82,32000,9500,6400,2,372,1950,85,45,100,75,227,292,2,0,84,53,400,468,468,288,,,,,,,,,
1252,Garm,ガルム,73,24760,5000,4000,2,216,1250,65,73,65,50,188,248,2,2,81,21,400,608,408,336,,,,,,,,,